2.11629306355245 5.14340260334875 87.8465685716131 1.77078996555422e-07 0.00189890661956206
2.80815419617926 2.85906113679994 51.0958719054643 4.44802625219672e-06 0.00350525115372887
2.28223512976346 3.77405943933562 51.4429935721662 4.2804037509054e-06 0.00350525115372887
2.09250039569903 4.96617939857988 47.1722222197111 6.97088880187311e-06 0.00350525115372887
2.02528070423946 5.15456282010828 51.4767571912681 4.26448767408399e-06 0.00350525115372887
1.87003388546427 5.65226492118116 61.6703599221891 1.50144796996112e-06 0.00350525115372887
1.85523085500286 4.96616527573881 46.356501359104 7.68157804006419e-06 0.00350525115372887
1.65222789719538 5.67408517673993 47.8078192987157 6.46890537044434e-06 0.00350525115372887
1.62905571659852 5.80239470171113 58.6578493812946 2.01235909128134e-06 0.00350525115372887
1.60686970774528 4.4927004813549 47.5544836593784 6.66387309775323e-06 0.00350525115372887
1.56120675956746 7.38772318625655 48.6202062254177 5.88622056452109e-06 0.00350525115372887
2.08618763451623 3.87318195490774 43.5157958568203 1.08879887541019e-05 0.00365247186390147
2.55805658656568 4.40101899139361 41.9122725616979 1.33619941996764e-05 0.00369049968432564
1.68460800982327 4.5195370698561 41.8205141039511 1.35219152792405e-05 0.00369049968432564
1.47415447630911 5.79476557433162 41.7305848820483 1.36807705281382e-05 0.00369049968432564
1.28094861482295 5.96274879828173 41.1319049133966 1.47942478830119e-05 0.00369049968432564
1.63486688688185 5.06065858686881 40.2192016776243 1.66967559895723e-05 0.00370893773654746
1.35424960984471 5.51078887755224 40.3290185073268 1.64536756357853e-05 0.00370893773654746
1.3032811885997 6.20653579102674 39.6254947731981 1.80840602891102e-05 0.00370893773654746
2.30846524191254 4.4220626906552 37.8266109004024 2.31617864872249e-05 0.00410537879992985
2.32077536303645 4.59628849466875 37.4573955378589 2.43951255024484e-05 0.00412932062699083
2.12404534520852 3.10570477963154 36.2343578096076 2.90494873802748e-05 0.00450169227743268
1.58897559071953 5.25702132957172 36.153605948947 2.93908372538585e-05 0.00450246633273931
3.0070326254692 2.77267090127631 36.0192854102952 2.99688198197259e-05 0.00455844878491958
1.41229421299327 5.8576064143379 35.2619359993085 3.34809246695831e-05 0.00472411441702993
1.75723223864717 4.38677412270267 34.5562854358823 3.71816013379739e-05 0.00494110323229649
1.39057187517276 7.16920411339756 34.4260021428951 3.79147846304843e-05 0.00498363265095335
3.18199772968322 3.14648410862712 32.8010646365056 4.85953433144447e-05 0.0056464102466252
1.83964644910888 6.2752785473785 31.5424468822151 5.92599381474379e-05 0.00617492198266524
1.70173709430422 5.40711986890595 31.709319242222 5.77028009091011e-05 0.00617492198266524
1.63884807793945 3.53760928944847 31.7538584927935 5.72951240044279e-05 0.00617492198266524
1.52730171674314 4.58324327878454 31.6460317607186 5.82877924446356e-05 0.00617492198266524
1.07843585617751 7.10229708351123 31.1841092873369 6.27685798766724e-05 0.00634998930478771
1.48025958728672 5.48869461229194 30.2666945397239 7.2885537180063e-05 0.00688623839603882
1.06790148863134 6.93811772336553 30.1689934965137 7.40686518553586e-05 0.00693690120673308
1.27440728665706 5.54125093506307 30.0273993800639 7.58224141557987e-05 0.00700932463965265
1.6741173744696 6.53069936329531 29.3282497914867 8.52079459821497e-05 0.007428678119834
1.03243878114358 6.1891528874393 29.2300109101419 8.66301774207088e-05 0.00749176377073364
1.39476783672624 5.10932586646752 28.7593952099195 9.38306288398044e-05 0.00779994378576467
1.75377774770222 5.62945963723636 28.6548479308458 9.55215424423677e-05 0.00786689043861693
2.02834303667362 4.41204666711276 28.3663290611216 0.000100371383543673 0.00809272580022987
3.19337883947291 1.82898918276827 28.0310167476869 0.000106364841640147 0.00827179467827504
2.10390266057083 3.03212496499268 27.8571969139143 0.000109631960462757 0.00834394374625844
1.04545451371013 6.30767617046713 27.6358254985594 0.000113960077522893 0.0084570995938875
5.95201387503611 1.42971100551723 27.4445268824051 0.000117857900104539 0.00868139688942031
1.62299118884133 5.18327311300103 27.1116760360522 0.000125008552528128 0.00895499536939322
1.82584492077052 5.16389486441501 26.8401240074646 0.000131210692827104 0.00910639534244713
1.81939521706196 3.22106167575549 26.8070876293557 0.000131988932858456 0.00910639534244713
2.52130201666617 3.35355798569884 26.7150407399033 0.000134185240652487 0.00919447557914977
2.20071783759119 3.89801568215257 26.1103885252117 0.000149695298656066 0.00993967514017535
1.98862458443146 4.61124306071967 25.8763521492252 0.000156240900162633 0.0101540709695408
2.5737912720752 3.00044231036959 25.7607702185972 0.00015959372370369 0.010186924381765
2.21741624061785 4.07717166789148 25.7433581999092 0.000160105903317709 0.0101892917164834
1.15555652522058 5.69131068720537 25.6890165136147 0.000161716492611323 0.0102310726166225
1.61011529609916 5.11458642182702 25.6704188219496 0.00016227193860894 0.0102360184333704
1.07448723816206 5.39252259581669 25.4307236023652 0.000169629336883605 0.0105145675957881
1.04560656911821 6.13990424810753 24.8173395983331 0.000190257281721166 0.011037638087457
1.43583440891605 5.46892430565821 24.4267285984612 0.000204884685415162 0.0114134073976597
1.62358398546998 3.53565013094729 24.2868835632065 0.000210430719463854 0.0115720708726699
1.45363031684239 4.55150072418217 24.252037104735 0.000211839236689649 0.0116197342948412
2.37534619251284 3.85926597090145 24.1508357959659 0.000215991310907061 0.011759825290397
1.28228004752153 6.61515563422627 23.9912149045902 0.000222730614654678 0.0119900504131213
1.69292902782109 4.11842906992688 23.9519505654399 0.00022442498873373 0.0120030990857165
1.59357506604841 5.94462599201401 23.6547809203626 0.000237737121925137 0.0124905827094192
1.31459738545525 3.89752380496544 23.3302788323139 0.000253315167639421 0.0127233030453458
2.73619376193602 2.61911360840063 23.3015701835698 0.000254748617857432 0.0127654056242718
1.27653884638259 5.50517522743733 23.0687619295995 0.000266721511104608 0.0131502902268058
1.18775996126609 7.32091697101036 23.0159931060288 0.000269523910804255 0.0131750324564101
1.32637000823926 7.12130136301076 22.9141789909283 0.000275026578400051 0.0132287882194626
1.30946143657866 6.16751730115932 22.9123865720701 0.000275124595128107 0.0132287882194626
1.54911789356554 7.69526983919347 22.7630573889931 0.000283432480637263 0.0133989948278269
1.0658473861391 5.37113651165639 22.6745801328079 0.000288489988374492 0.0135388288417237
1.19868748620945 5.42032972440205 22.2951017711425 0.000311384209353793 0.0140542935260575
1.65259925581449 4.88257334266253 22.1824224753592 0.000318577104242891 0.0142335013366364
1.03410423673627 5.5826400985531 22.1390789348192 0.000321394366780245 0.0143007157351368
1.11035575165599 5.39737017273534 21.9945492306424 0.000330996406477702 0.0144217910859059
1.03730596893678 6.08179766760651 21.8085098485772 0.000343842613656512 0.0148009611328798
1.21171985509351 5.90963015438776 21.7531002375664 0.000347778154634807 0.0148495041766405
1.00920361966835 6.99478768192714 21.5836696603202 0.000360135322491961 0.0150855903544631
2.22626822766832 5.80633016833831 21.8798926053978 0.000361697248061366 0.0151214831952673
1.13357193846359 6.38980970228098 21.5221378645419 0.000364746691522052 0.0151897520253853
1.4322906946447 5.90487280890694 21.1111954312656 0.000397332749455154 0.0158699006576021
3.02776494468847 2.3458177404299 21.0847762997678 0.00039953898142151 0.015901471863082
1.15354589236711 4.38685187325451 21.0748352486854 0.00040037277036715 0.015901471863082
2.34557942829308 5.36069891717442 21.3295655938746 0.000404523971946728 0.0160366462594112
1.22612456293268 6.53197769754208 20.67218043004 0.000435877808820179 0.0167832520031712
1.77969179019874 4.87399550448794 20.6291768452379 0.000440734237371661 0.0168492463260428
1.608232817161 5.52352865861416 20.5884359233765 0.000443892164735567 0.0168642717890676
1.05641634773391 7.50300234565638 20.5696317918531 0.000445486590292224 0.0168642717890676
1.32987389163495 5.12890113125992 20.5047773407963 0.000451688381440312 0.0170252385180147
1.99996399314218 3.51673080874214 20.4641494179406 0.000455623744849937 0.0170834879718761
1.28111419821487 4.3061667075274 20.3544299469157 0.000466448900485225 0.0172481544288045
1.17295086944741 4.47688084084594 20.2426682839802 0.000477778894464014 0.017423639582432
1.18309761538507 6.14945166645984 20.099335626574 0.000492772864903648 0.0176915853107236
1.07693065085158 4.5854731036566 20.0867602241455 0.000494113843480367 0.0176915853107236
1.12212315478994 4.94593811704062 20.0632186042091 0.000496635435736397 0.0177226958240241
1.74694482576591 3.90925878294837 19.9429673216266 0.000509747544843251 0.0180107999905325
4.60250260060802 1.28315398869145 19.74768389729 0.000531893535555131 0.0184886882610225
1.36286647791436 5.57249502481882 19.6935308342473 0.000538228151527552 0.0186484316087422
1.05126172983454 6.39053591087767 19.6162893729021 0.000547413395598574 0.0189055959668319
1.52024422471668 6.41270807326408 19.4709904911699 0.000569354094680644 0.0192465149028858
1.91395056881846 2.8633260903156 19.3873405539842 0.000575709894062511 0.0193005996574633
1.50044323889653 5.38176816034722 19.3573452663591 0.000579539573932261 0.0193005996574633
1.49154221774457 3.67174805780834 19.3696598399395 0.000577963784044832 0.0193005996574633
1.01359873939808 4.08901871040825 19.3092587685444 0.000585740010663426 0.0194463870103692
1.63820117434875 5.10071499977846 19.2941036533611 0.000587878265206448 0.0194571375831523
1.05534995162168 6.76879686291408 19.1984449611574 0.000600319712708708 0.0197167792932062
1.63398688152254 3.55297926444622 19.1369001333144 0.000608596150831167 0.019897197632433
1.18646927973746 3.94001673801433 19.0262977728318 0.000623799892920823 0.0201182500804104
1.1005626466897 6.32203454671205 18.9769670178444 0.000630720782347089 0.0202198335112078
1.1728736564508 5.07791828874188 18.717284382556 0.000668633071562858 0.0208307789113224
2.55399729007695 3.86060446847835 18.7980329682286 0.000674447627741486 0.020903003283485
1.18264380602825 8.23009610399095 18.5985789177767 0.000686826832259238 0.0211826018725246
3.41653423886881 2.04362366230863 18.5552449451424 0.000693609125507495 0.0212511927353704
1.68759365333944 5.77481498203626 18.6198140848415 0.000699350799641406 0.0213147430567272
1.3372947547237 5.31356887912073 18.5169997593212 0.000699658652116191 0.0213147430567272
2.15763896034858 3.44509095761997 18.5018902018834 0.000702065256102375 0.0213174519519294
1.11233317000443 9.33605440376358 18.4938857457902 0.00070334401677077 0.0213174519519294
1.10233239662085 5.78364715457491 18.4867959447853 0.000704478880735572 0.0213174519519294
1.43583162161474 4.19397294324749 18.4246651598111 0.000714514248813425 0.0214024959417619
1.39499830718277 4.42092568582385 18.4393214277173 0.000712132313062749 0.0214024959417619
1.83109014319177 2.7940469381124 18.3630174800429 0.000724633505892711 0.0216110199305001
1.06497937089945 4.7336605845886 18.2442841119331 0.000744588603164893 0.0219357029836229
1.06703077064404 5.96695745956339 18.223306029072 0.000748179277773682 0.0220112496164776
1.01983545951219 5.26528776584598 18.0991640454655 0.000769837639153447 0.022416506968725
1.14639690978178 4.68357869736043 17.9717298469482 0.000792819656117197 0.0227320897924405
1.04774640864872 5.89745752614395 17.9758234650819 0.000792069303322237 0.0227320897924405
1.14111480476069 5.61947246508922 17.8147314351621 0.000822220293499871 0.0233874782953471
1.10484987097899 5.45207321584791 17.7084736499926 0.000842826743278349 0.023716270216893
1.62616212973158 5.42749838066959 17.6617437626793 0.000865307699206876 0.0239461344837289
1.50635714151804 2.99932273744677 17.5974242468574 0.000864996369505313 0.0239461344837289
1.27431749107939 5.37159386507466 17.5993361850134 0.000864609073819701 0.0239461344837289
1.14016661832052 4.42649842375701 17.6202101176205 0.000860393583405556 0.0239461344837289
1.83993581252819 3.19907595595456 17.5167833642072 0.000881513730377544 0.0241145726727132
1.49132963169839 3.34554268494559 17.5334269969834 0.000878075336980229 0.0241145726727132
1.13657836489557 4.05671508561357 17.5346310630823 0.000877827185775928 0.0241145726727132
1.23282431476004 4.86471525115913 17.3600139847595 0.000914667706345177 0.0246663905494594
1.13756849398757 4.02161007046942 17.3080351492501 0.000925973572893622 0.0248241940223119
1.28723193456908 5.51756175021096 17.2338687571327 0.000942383388817131 0.0249497142749207
2.19928241196042 3.73225425042647 17.2440871707952 0.000949546042512711 0.0249876245076934
1.52956556959804 5.38607406714784 17.1480464595388 0.0009679567029626 0.0252029593853381
1.31469404588275 6.93401395827067 17.1338617115259 0.000965040199450066 0.0252029593853381
1.09932236443832 5.96251331692194 17.1292712896276 0.000966095035583305 0.0252029593853381
1.05474384390017 5.64643716086191 17.1129622041398 0.000969853395697028 0.025209160490733
1.1115195883465 5.69941519806882 17.0687911245337 0.000980116736008698 0.0253259802857573
1.02664891742955 5.73947598919317 16.9640245495032 0.00100496052467382 0.0256302970481317
1.91671194595455 2.66228574783044 16.9278133923411 0.00101371444378409 0.0257901941587631
2.20275778308093 1.90087791401709 16.9127239079216 0.00101738800533285 0.0258223911838741
1.26150028502317 4.69739450648895 16.8935151025239 0.00102208648284022 0.0258373321591016
1.34171021557838 4.29047940327205 16.7899922790891 0.00104783972360245 0.026184321057298
1.02516809068294 6.28888832487131 16.6754244616733 0.0010772104074756 0.0266777501260152
1.09650194331024 6.3648555009278 16.6457404374945 0.00108497315696692 0.0267772373963977
1.06922720045134 4.08026692070493 16.5457567406168 0.00111159511565112 0.0271553821709426
1.06323321813549 4.06997631521404 16.5526872371847 0.00110972585122531 0.0271553821709426
1.76647730796907 2.55659948985273 16.5268685913113 0.00111670786868588 0.0271628953602599
1.45343442423348 6.41714880784258 16.4662956588637 0.00114408960265469 0.0275390456881427
1.24345705041484 5.17085150525979 16.256279134779 0.0011929887544938 0.0282095146831627
3.50201065102237 1.62148668701865 16.1954564044854 0.00121094573658345 0.028383774002738
2.367133115818 1.4357713497085 16.160105147569 0.00122152474694937 0.0285692925276152
1.32492622664902 4.49343885117195 16.1403521997466 0.00122748195034477 0.0286150058576569
1.03659152501683 4.95117313284571 16.1409327670927 0.00122730638597121 0.0286150058576569
1.11789083159919 4.95451305789076 16.0808301863339 0.0012456350093306 0.0289124827328067
1.33953770485225 5.09620278119104 16.0708867596105 0.00124869742409198 0.028931702558232
2.08170458017722 4.16941575754239 16.0004257522003 0.00129541620106197 0.0296561607040575
1.07127069951846 4.98226676603527 15.9277758262234 0.00129374196451146 0.0296561607040575
2.13691366426509 2.17938874040256 15.8541386808414 0.00131764260749493 0.0300952939328475
1.34600843342817 4.90711953223199 15.8074245624618 0.00133306674645402 0.0302863162194909
1.74347166574943 3.2717646836174 15.7923545091868 0.00133808662169581 0.0303681944714392
1.56735953708903 5.38615648617031 15.7220849938825 0.00138256095357694 0.0310165112671178
1.95082628940363 5.07158173506599 15.7747256328516 0.0014014911881865 0.0313066068252434
1.20025631905719 3.88936801620905 15.6113949406877 0.00140008643508576 0.0313066068252434
1.23190035006497 3.88494882910213 15.4556846781542 0.00145607855443694 0.0320292479559067
1.50493174452805 3.10357880332702 15.4301926147874 0.00146548746422468 0.0321240602303518
1.16240822932305 4.10413201724798 15.4093139238047 0.00147324549779413 0.0321758617018236
1.17648873801312 6.70937422824853 15.3879110659501 0.00148124715260396 0.0322609069204139
1.15905010159381 5.88181380353003 15.374528981876 0.00148627544995368 0.0322609069204139
4.25387825326988 1.08437113788304 15.2669024159769 0.00152743443233944 0.032857458646323
1.66507584863322 5.65083676964334 15.361459018476 0.00154097557930813 0.0330551985576635
1.23992176873462 4.97596151840651 15.2315174965372 0.00154125045729769 0.0330551985576635
1.0826065483068 5.19450159925751 15.1964790153471 0.0015550724102813 0.0332518823362941
4.06064508688146 0.22308849437877 15.1391042083818 0.00157801326665758 0.0335830285397923
1.16998717846561 4.56763362105767 15.1381743325908 0.00157838824861802 0.0335830285397923
1.32411399132816 4.94520363092509 15.0937129254073 0.00159643743382678 0.0338997956864188
7.81546508988195 0.0463155351354659 16.2066992934385 0.00161131696895616 0.0340162966594981
7.47931690845015 0.477301158240203 16.1962560084552 0.00161512531034483 0.0340162966594981
1.09571913377382 5.28646909177479 15.0463944984413 0.00161590658926929 0.0340162966594981
1.35269970961048 2.9890529057039 15.0273227062303 0.00162383045641137 0.0340387045937532
1.21396126739799 6.06729644159861 14.9221301913916 0.00166834328592162 0.0346903087220097
1.4863776460732 4.12105702228467 14.9030989520115 0.00167654491879723 0.0347879931389748
1.71988660784212 4.21044961197077 14.9033496253706 0.00168239638742027 0.0347949424503399
1.12563372848475 5.6021633181178 14.775868175596 0.00173257746991779 0.035456668890579
1.11231148322454 3.97842540572755 14.7015986969603 0.00176627625102194 0.035993679787889
2.04662370763105 2.97677622689398 14.6238764086966 0.00180234825923134 0.0365013816012603
1.22752697100031 3.73251215317967 14.6055520155948 0.00181097534654053 0.036572493650899
1.18399911327343 6.45987044221265 14.606600040673 0.00181048066496529 0.036572493650899
4.16141555019829 5.13288330896909 16.2533629416346 0.0018250728017881 0.0366073391111915
1.10436759409943 6.20780150232514 14.5760049054961 0.00182498589526261 0.0366073391111915
1.23142826779186 4.88178972273566 14.5572746300767 0.00183393165295013 0.0367248666300854
1.18077423363518 6.72533355876036 14.5429205527305 0.00184082130427535 0.0367941234974775
1.30992514241761 4.63126445218913 14.5062658782204 0.00185854971429547 0.0369419052108386
1.6724708382428 3.40152300573776 14.4848572576892 0.00186899466737867 0.037115119103028
1.30709898308245 3.15514559991002 14.4245118534069 0.00189880013849394 0.0375332410785986
1.43761633579563 3.71138403510347 14.3651269964476 0.00192866398175466 0.037800977822989
1.03392952150178 7.71955070340924 14.2627229019595 0.00198143483067818 0.0384714169702237
1.23755809414115 4.83831265558404 14.1552212879083 0.00203862063873878 0.0391776853396332
1.14634322708173 6.78044495636857 14.1567346966663 0.00203780256095625 0.0391776853396332
3.25292824308442 2.18799856691431 14.1507260803714 0.00205736474228146 0.0393966978818844
1.03305826708766 5.51350073807833 14.041786161399 0.00210102346177105 0.0399655332166317
1.75580250215131 2.93804414415203 13.9334111954229 0.00216269518355736 0.0404388174383215
1.01387575432546 5.63921431618379 13.9391428451273 0.00215938204371802 0.0404388174383215
1.39776732889551 4.07420554388238 13.9141394847308 0.00217387786077316 0.0405066537619478
1.83372376186261 2.82511811055821 13.876107245038 0.0021961415926058 0.0406390411877624
1.05316971400362 5.72814758950546 13.8793350735733 0.00219424193610822 0.0406390411877624
1.11451216483718 4.58231369408133 13.8630653529544 0.00220383628413344 0.0407111772487595
2.02407287864816 2.56452937977682 13.837222737227 0.00221917483192113 0.0408537704894527
1.35006224419355 3.58543287569399 13.8387696478726 0.00221825324800574 0.0408537704894527
1.02872337530374 5.71574724955592 13.8420059762643 0.00221632659887222 0.0408537704894527
3.43494294832054 1.54115739447918 13.7763239775642 0.00225580684966758 0.0412706872977494
1.08613532390237 5.1907679610543 13.7495164785281 0.00227215152637767 0.0414377838318214
1.05973195008644 5.93633551753603 13.7453221103048 0.00227472111617236 0.0414493999817745
1.35087690318542 3.16406497654498 13.7374792242989 0.00227953483411137 0.0415018536393774
3.431531987204 2.0019597576658 13.7024069839382 0.00231799273288308 0.0419058889163607
1.01586109566067 4.16838605212885 13.6505758611985 0.00233366233333738 0.0419145614417747
1.38297912945094 3.80905770549098 13.5244775375547 0.00241484328693901 0.0428424266227391
1.1057336486793 4.9496474258893 13.4977916253775 0.0024324357148909 0.0430077895937883
3.83930635292092 0.554717244805751 13.4258557664333 0.00248059525514906 0.0434997973660786
1.39948800238452 4.40235738813264 13.4109854982699 0.00249068639742362 0.0434997973660786
1.77768709449784 3.33624908352035 13.3700560105501 0.00251870556993634 0.0439126580751406
1.11451274785972 4.87979600851524 13.3492932113063 0.00253305724807315 0.0439890516594533
7.53091503440298 0.109433645624282 14.1983064730562 0.00258354959451949 0.0446849904464996
1.20888461757672 3.76915053002237 13.1746444830072 0.00265756107346322 0.0456704425821841
1.331628288061 4.16276426088091 13.1474339102224 0.00267758413177804 0.0458309232835145
1.72944904267251 3.02156053501076 13.0692164511609 0.00273611118091563 0.0466465631932412
1.17094018119517 5.2732482408336 13.0222984608322 0.00277192156829194 0.0471446485925116
1.0486344873675 5.4016328381485 12.9597425303364 0.00282050691632963 0.0475561413793409
1.26434013905712 3.82341696101216 12.9226524198307 0.00284977466353961 0.0478463426825358
1.23964887180242 7.81120553938259 12.9406054239145 0.00285110392820817 0.0478463426825358
1.71834122791552 3.16658297361372 12.9041733078262 0.00286448640226557 0.0479583449409756
1.359747881501 4.75939575964244 12.848862687539 0.00290904398074882 0.0483270468907109
1.529204563717 2.50148379328514 12.7502316148903 0.0029904876136739 0.0492388355852375
1.23358360921001 5.50194331824927 12.7496118240672 0.00299100760420713 0.0492388355852375
1.19284690943936 4.227362029767 12.715552011923 0.00301974311707997 0.0495148437267367
1.34634026759837 6.35211595127867 12.7654506942371 0.00302215840945679 0.0495158375917645
1.39601118695617 6.57571631969835 12.7699883551751 0.00302558415694076 0.0495341247434415
1.09722846202475 5.67659913607698 12.7040669501144 0.00302950410853164 0.0495604688143998
