-4.70990136957144 5.00407626368598 104.17227636659 6.37473996132102e-08 0.00136719047950452
-10.9896394724248 3.19244611572151 60.6043750500384 5.1886287582261e-06 0.00350525115372887
-7.41559143781781 5.55883676515372 67.1818468111506 2.05731214992014e-06 0.00350525115372887
-6.5303986034112 3.25380697255069 53.7892438796689 3.70233449549593e-06 0.00350525115372887
-6.52298424450938 5.07422562566241 54.0521245046377 5.75950910445192e-06 0.00350525115372887
-5.36569316485201 5.70514148596712 53.3179780128786 5.683322310938e-06 0.00350525115372887
-4.23553300654282 4.63073661505404 59.1292866991744 2.15978858792158e-06 0.00350525115372887
-3.56314673445666 9.99555202632959 53.871446667929 3.81193921592103e-06 0.00350525115372887
-3.07583777816195 4.79956142548732 47.6865801333316 6.7382699536661e-06 0.00350525115372887
-2.9908537956019 4.50224400403086 55.776267518 2.69449771168946e-06 0.00350525115372887
-2.90559407178197 6.67287332265174 58.2568807841733 2.20662183018004e-06 0.00350525115372887
-2.67242762674956 4.16559213734979 64.5018937497463 1.15225525541262e-06 0.00350525115372887
-2.651992173908 5.84040862249042 54.9761753750273 2.96512117271988e-06 0.00350525115372887
-2.61388360944368 4.40585876752026 51.6862871185057 4.16721206375393e-06 0.00350525115372887
-2.530397436144 9.74271294456654 63.7066407366189 1.23995760867869e-06 0.00350525115372887
-2.52350427302861 6.00415854423843 46.6826405756325 7.58367718058545e-06 0.00350525115372887
-2.36848347879791 9.02994858101451 55.1004245222841 2.89054406865684e-06 0.00350525115372887
-2.25611674661323 8.70460385755059 51.5508180809199 4.22981145138504e-06 0.00350525115372887
-2.23218411637091 5.0424866507212 46.7774477173691 7.30501266660238e-06 0.00350525115372887
-2.1680637945536 5.64684968477453 48.0992537904054 6.2526172697566e-06 0.00350525115372887
-2.16781710995062 6.62013455100447 46.5676939970929 7.48995294404616e-06 0.00350525115372887
-2.16705406749616 7.68993177781112 53.3930900932596 3.46260781475969e-06 0.00350525115372887
-2.10737556847303 7.53158659455912 52.3869048456012 3.8598570238625e-06 0.00350525115372887
-2.08862777737119 8.4675957355953 64.7550336967744 1.12583910400605e-06 0.00350525115372887
-2.08147878910986 7.00685623837369 58.6650597744199 2.01091957912337e-06 0.00350525115372887
-1.98338451668449 6.37863526544709 46.6406652363883 7.42501475739407e-06 0.00350525115372887
-1.92317485001888 5.79063687561944 59.3359443713358 1.88197831209013e-06 0.00350525115372887
-1.90812899639254 6.3636443759651 51.494902151077 4.25596208440982e-06 0.00350525115372887
-1.84331854287908 4.89036078891395 49.5911216297771 5.26679679060955e-06 0.00350525115372887
-1.81066100634118 7.00900511409415 51.5464591381516 4.23184343147466e-06 0.00350525115372887
-1.72088660221694 5.95932661515491 55.2770603859564 2.83777944125059e-06 0.00350525115372887
-1.70096174542041 7.97793937970117 48.9322015200129 5.67853635174831e-06 0.00350525115372887
-1.64740206527857 5.58083481442253 49.9772256860832 5.04139980446923e-06 0.00350525115372887
-1.52540493100182 7.0359226258054 47.2307546116517 6.92284848798327e-06 0.00350525115372887
-1.52377627579962 8.08042357496863 48.3667532008957 6.06132808908672e-06 0.00350525115372887
-1.47806417621527 4.88357223218556 47.6833264245988 6.5638901977591e-06 0.00350525115372887
-5.21068313037158 1.76234774996186 45.7314180363491 8.282354723666e-06 0.00355721310921767
-2.594141535165 2.76546259104803 44.6823669844895 9.41521321182724e-06 0.00355721310921767
-2.57982216656347 8.24789683739119 45.8462479869429 8.54558050714271e-06 0.00355721310921767
-2.55867431569709 6.1316300334168 45.3196943909546 9.08923063471742e-06 0.00355721310921767
-1.71576988662747 8.67369843390381 45.0624629877626 8.98547387062101e-06 0.00355721310921767
-1.67860800244466 4.72841032218989 44.8254310387731 9.25076941109565e-06 0.00355721310921767
-1.67358603234302 6.05577703957437 45.2652240950138 8.76540810119433e-06 0.00355721310921767
-1.61428219616656 7.63525486872653 45.5752200558037 8.44073574722484e-06 0.00355721310921767
-1.60901109679393 4.66442263426232 44.6489899391799 9.45405638203045e-06 0.00355721310921767
-1.39324607341302 6.04883728327625 45.2809234674955 8.74862694749942e-06 0.00355721310921767
-4.20408158549821 3.10125455395579 43.3844881271996 1.10696447593414e-05 0.00365247186390147
-2.74251238718362 11.8589448065784 44.1804863706652 1.06489784755059e-05 0.00365247186390147
-2.46356459316059 4.60420232473905 44.0720675918014 1.01552184646551e-05 0.00365247186390147
-1.98510801747056 4.82086678241829 43.5353588840255 1.08612167031027e-05 0.00365247186390147
-1.81297612340934 7.5616587530829 43.6395231842284 1.07199260029497e-05 0.00365247186390147
-1.56484426223943 7.82152962089998 44.0572845319903 1.01739492134566e-05 0.00365247186390147
-1.45436127937411 7.42468077505795 43.4660334027228 1.09564287941022e-05 0.00365247186390147
-4.12364618223704 4.79635575160705 43.1978099132317 1.2822310800901e-05 0.00369049968432564
-3.13247530517676 1.96479921820176 42.0758774276274 1.30821795833412e-05 0.00369049968432564
-3.08275639493353 3.42927110762132 41.0792408685607 1.48970483348895e-05 0.00369049968432564
-2.74125046679183 5.4265660650077 42.2519666884709 1.34519482061797e-05 0.00369049968432564
-2.32298038807397 5.34232650029276 41.2024154018262 1.46578758957508e-05 0.00369049968432564
-2.21732403380193 13.7995378828782 42.0281343289811 1.31631381322334e-05 0.00369049968432564
-2.07818244463556 4.38479626719696 42.2659940264387 1.27653831126369e-05 0.00369049968432564
-1.96952853529624 7.15059717922371 41.9605520589927 1.32787173981286e-05 0.00369049968432564
-1.96282061582796 4.32285251050849 42.1509936137882 1.29559514832175e-05 0.00369049968432564
-1.96050770099408 7.56589868646788 40.9569030534367 1.51390134795382e-05 0.00369049968432564
-1.92553026944038 5.408511072551 41.4775581256223 1.41392764438435e-05 0.00369049968432564
-1.91234637249111 7.18085522786414 41.2339386618723 1.45973721636432e-05 0.00369049968432564
-1.88978344882759 6.69365842624547 42.1705273180025 1.29233543558809e-05 0.00369049968432564
-1.83194400883864 6.90690121548768 42.4067718697801 1.25364372699929e-05 0.00369049968432564
-1.77657617132184 5.54710705395907 41.4055957061073 1.42728632682007e-05 0.00369049968432564
-1.74475508964268 5.54843395230218 41.1642006315314 1.47316069352091e-05 0.00369049968432564
-1.71123201598955 4.71082385907333 40.9550918075882 1.51426293757009e-05 0.00369049968432564
-1.53110351772721 7.63639591000001 42.2972695131981 1.27141107184223e-05 0.00369049968432564
-1.49190324181796 7.48974109364566 42.9959016520984 1.16278216809743e-05 0.00369049968432564
-1.98439665534602 7.76189561035434 40.8451575488492 1.53639539034717e-05 0.00370236763334558
-1.33264159146467 6.21031777843914 40.7537879666772 1.55507146489137e-05 0.00370573530083614
-7.72861462193711 5.46805648249798 47.4994968372962 1.89928538513218e-05 0.00370893773654746
-5.28012836958306 4.71032606532619 42.5480936949603 1.8423225280756e-05 0.00370893773654746
-4.85360969411376 4.92667173386898 42.9810160001161 1.68667803277029e-05 0.00370893773654746
-3.20056151815429 5.965209497489 40.4261451334425 1.82524910853759e-05 0.00370893773654746
-3.1409809739223 4.06269532408989 39.4807334752033 1.88155354434539e-05 0.00370893773654746
-3.13616293076284 4.12955400511757 39.6772612499572 1.83726356269753e-05 0.00370893773654746
-2.93455694996068 11.326318538791 39.8310206631043 1.95541092790018e-05 0.00370893773654746
-2.91269638078323 7.88401131480515 39.9256859799493 1.94924445549415e-05 0.00370893773654746
-2.47052414874947 3.59629718213386 40.288353285881 1.65432145552098e-05 0.00370893773654746
-2.46647078258637 4.69782541501519 39.0177433478924 1.96421310266533e-05 0.00370893773654746
-2.24360360652815 3.42133065957573 39.5018111021632 1.8389361164817e-05 0.00370893773654746
-2.23366086636696 4.3575299438468 40.1587785277273 1.68322492728122e-05 0.00370893773654746
-2.20257150470327 7.8923665584038 40.0254672102641 1.73912423265361e-05 0.00370893773654746
-2.18944331425362 5.64856166885686 40.059310855702 1.70580380220076e-05 0.00370893773654746
-2.05400623614037 7.78747021882188 39.6939690178198 1.79175277095684e-05 0.00370893773654746
-1.85170497175044 3.87961703197402 39.0956633811669 1.94340512427762e-05 0.00370893773654746
-1.70501744116817 4.59113992645629 38.9908287947823 1.97145942074141e-05 0.00370893773654746
-1.69398385258504 5.1911922787606 40.2591682475017 1.66078185021266e-05 0.00370893773654746
-1.5684586777086 6.05270881495483 39.4996378249484 1.83947780153457e-05 0.00370893773654746
-1.55911570904455 6.77925221342699 39.0751379805421 1.94886177844226e-05 0.00370893773654746
-1.55427194002614 5.02747836592114 39.4831058630874 1.84360432565812e-05 0.00370893773654746
-1.60133902879732 8.04104405400881 38.8362158671743 2.01368219501155e-05 0.00375542974229676
-2.21322115756924 5.38278789885033 38.6395989232905 2.0688743530753e-05 0.00382509898710397
-2.13706443162002 6.82003979002516 38.4889771931203 2.13213032463954e-05 0.00390835889508925
-1.52817011003884 5.94458956301837 38.2591923551562 2.18063171991907e-05 0.00396339055060205
-1.93082198558841 3.48159410881406 37.997597583658 2.26148326659919e-05 0.00407580097636578
-2.64011239960422 4.08169992459929 37.9022624149477 2.29179509451911e-05 0.00409601078267929
-1.81954302420811 3.72882679747044 37.7284013223645 2.34827585505377e-05 0.00412815346420806
-1.94207023963109 8.0138922267152 37.3971063213014 2.46035550313736e-05 0.00412932062699083
-1.92470287897001 9.1132751283912 37.5895779655124 2.39451623482971e-05 0.00412932062699083
-1.83314129736126 11.4957106583853 37.3515254408563 2.47624848471552e-05 0.00412932062699083
-1.7295561036875 4.08649121795285 37.3302266161104 2.48371502252911e-05 0.00412932062699083
-1.4218738527804 6.70394629986491 37.3741569387116 2.46834281719262e-05 0.00412932062699083
-1.25732355231146 6.88507711137043 37.3707980714561 2.46951431942602e-05 0.00412932062699083
-1.60047776432011 5.03766944114149 37.2559424022258 2.50995795961422e-05 0.00414085141229587
-2.29055066695772 3.53480910412277 37.0663127867956 2.57839693778833e-05 0.00417143914365414
-1.61729233065072 11.4923655761122 37.0432942757066 2.58684853875134e-05 0.00417143914365414
-1.5806671558424 7.20510136237958 37.0817154711496 2.57275920155917e-05 0.00417143914365414
-2.61872571507822 5.74023135257408 37.4082738256754 2.66395654487869e-05 0.00426372209089651
-4.51744399882042 3.36523783807622 36.828759499171 2.88923671448929e-05 0.00450169227743268
-1.95265308513861 4.60333466442598 36.365684460646 2.85039665039893e-05 0.00450169227743268
-1.72260608071803 5.36649806283148 36.2043305204703 2.91758859776725e-05 0.00450169227743268
-1.46166732708701 10.4260464142053 36.3341439800622 2.86339086847452e-05 0.00450169227743268
-7.84993765986831 3.12248840544057 36.6715858978057 3.11943646523547e-05 0.00467850027062274
-5.15067529591278 2.63209257560181 36.0548819076512 3.11587073787281e-05 0.00467850027062274
-7.18878139488119 2.10356182402779 35.954420845446 3.16131855395992e-05 0.00470838882130405
-7.19191672204942 2.43539462798178 36.0401961579078 3.25314614554885e-05 0.00472291886733983
-1.93790375753166 5.96271748618046 35.4998650424819 3.23293003517763e-05 0.00472291886733983
-1.88577002735001 4.69425224101203 35.4448321514084 3.25915975365457e-05 0.00472291886733983
-1.39521193391829 6.19977179283035 35.5513731852559 3.20859833654032e-05 0.00472291886733983
-2.92373530301859 3.75639892947566 35.2714674800108 3.34338997843373e-05 0.00472411441702993
-1.46493144657629 7.41721844788823 35.3185606233843 3.32026626114884e-05 0.00472411441702993
-1.46021633241963 5.22426663782956 35.3319154322679 3.31374202721953e-05 0.00472411441702993
-6.02260751370631 4.69854070456227 39.0277801089483 3.37160474071218e-05 0.00472619652771596
-2.65341867624864 3.54999576634282 35.1683996764045 3.39464261858512e-05 0.00472759092472696
-1.54628502146016 5.69598296702524 34.9827608342367 3.48923418951746e-05 0.00476760765318234
-1.50229213084626 6.61271224880515 34.9811544332809 3.490065750686e-05 0.00476760765318234
-1.27475390360634 7.55364355373066 35.0245908844256 3.46766006294597e-05 0.00476760765318234
-1.74527213310015 5.01213309976672 34.7864165053022 3.59256917337189e-05 0.00485939949808063
-1.4852561206006 4.60024834947168 34.7677454249737 3.60257621203348e-05 0.00485939949808063
-2.13392574468958 3.73807713651337 34.597558422495 3.69527180665707e-05 0.00494110323229649
-1.58076295158258 5.63272348188322 34.5309964747622 3.73226429632131e-05 0.00494110323229649
-2.56316069086169 3.04262663141734 34.3920371655666 3.81086284681471e-05 0.00498363265095335
-1.585632368452 6.73751281813221 34.320762904573 3.85190912914735e-05 0.00500678152077717
-3.04732596103884 3.95997123001975 34.2903516142633 4.00242563686576e-05 0.00516947035689046
-1.73924147118042 4.79741997873333 34.0289974041659 4.02527882501379e-05 0.00516947035689046
-1.57471072695213 6.7142925399139 33.973270466947 4.05939606143701e-05 0.00518225400771664
-1.99790492398141 5.71949076255534 33.8540990502206 4.13346882230131e-05 0.00524559206105894
-2.35076475609311 3.30295056892802 33.6774368185774 4.24613235586685e-05 0.00531125369935389
-1.85197104914862 5.28739071526936 33.618847481008 4.28426768307094e-05 0.00531125369935389
-1.81174875356259 7.24999721421742 33.6681973538418 4.25212043658478e-05 0.00531125369935389
-1.44338388061415 8.58820967475094 33.6362997767794 4.27286739736451e-05 0.00531125369935389
-2.30663134881911 3.87865745701055 33.5623873209337 4.32138742128763e-05 0.00532648253013539
-3.45696597133065 2.72728014511839 33.4302033476016 4.40973639009338e-05 0.00540432093476187
-1.84114568484336 4.11224817579453 33.2313950949063 4.54652610666887e-05 0.00554030371646177
-2.18581757617681 7.94657047797242 33.4559945228194 4.57721839912801e-05 0.00554619226023155
-2.16225078727453 4.33858419046864 33.1442240105903 4.60802672173008e-05 0.00555215444387332
-3.10855132586529 5.21483119951093 33.7336833207436 4.65051108776158e-05 0.00557203973738674
-1.53349261431764 4.98834931350018 33.0180474378257 4.6987358129391e-05 0.00558343379274991
-1.4198140763515 5.24063019724243 32.9997094093605 4.71208801458355e-05 0.00558343379274991
-4.03793166458559 3.25518570266352 33.0931969615492 4.87000526364236e-05 0.0056464102466252
-2.86529245255523 4.1237304894487 32.9876183341171 4.80229741665457e-05 0.0056464102466252
-1.27225419162386 5.85234244419765 32.7865068204852 4.87054551044744e-05 0.0056464102466252
-2.00862662929286 9.06240645342605 32.799012942147 4.92176255889301e-05 0.00567510976347196
-7.59467957936894 4.6690044730218 37.6431669304612 5.31385547254216e-05 0.00609445231655678
-7.73582173224639 3.87314804902411 35.3518565872225 5.43375668575224e-05 0.00612967689320543
-1.7763253454341 8.23560438891365 32.0602681623833 5.45779553304506e-05 0.00612967689320543
-1.6250907804138 7.44128847951603 32.0641702840842 5.45443136467044e-05 0.00612967689320543
-1.29755127229737 9.22964863857088 32.0589984730033 5.45889069148243e-05 0.00612967689320543
-3.98570751390431 2.37437847036032 31.9823445582254 5.5254748809756e-05 0.00617212811313978
-7.90090501491857 3.3991224907012 33.5956577915727 5.80185684860363e-05 0.00617492198266524
-4.52752125929906 1.72162896031708 31.6542714525746 5.82112476822993e-05 0.00617492198266524
-3.93352967711796 2.89414020461246 31.9670753192971 5.60635585250295e-05 0.00617492198266524
-3.0357174223002 3.07668840905712 31.5692625019109 5.90065093466414e-05 0.00617492198266524
-2.58370909225834 5.56059663314224 31.9946891979357 5.95245643327834e-05 0.00617492198266524
-2.22037077221379 6.08690967867282 32.1843860255382 5.56918078580198e-05 0.00617492198266524
-2.21249007827234 3.88062355056398 31.5087899921406 5.95797826136073e-05 0.00617492198266524
-1.9243222073911 5.15328379751831 31.5186203809608 5.94861602687735e-05 0.00617492198266524
-1.72357563171492 3.66592476334217 31.5106684288283 5.95618798263916e-05 0.00617492198266524
-1.69014969601725 6.04995015128135 31.6637914748724 5.81229517881503e-05 0.00617492198266524
-1.65695453255012 5.92071616281991 31.5068276487372 5.95984916497274e-05 0.00617492198266524
-5.83868703856403 3.61437355798888 32.9160946250725 6.11766579543839e-05 0.00630796049590226
-3.58940228583865 3.7300289792303 31.6291522550167 6.26636041957868e-05 0.00634998930478771
-2.34155209038124 3.74606639045661 31.2383258656908 6.22228035358679e-05 0.00634998930478771
-1.42863718970537 5.15941785768651 31.1872211590533 6.27371065004009e-05 0.00634998930478771
-6.56962373112478 5.95609339447118 37.2774362262997 6.46617898124847e-05 0.00639078988990027
-1.74458883185966 3.58918385791697 31.0238085311341 6.44145028521903e-05 0.00639078988990027
-1.48888672037178 6.29098470072527 31.0958368858167 6.36689160964249e-05 0.00639078988990027
-1.29848144336817 6.85088696792551 31.0009953989083 6.46527229253008e-05 0.00639078988990027
-1.23632806670297 7.94727873464657 31.0669197286522 6.39670562076562e-05 0.00639078988990027
-3.47522997382062 3.19963367742712 30.9996967463398 6.5432067821667e-05 0.00640786099804243
-1.99719166710624 4.80651179948639 30.9284148573703 6.54173421931444e-05 0.00640786099804243
-2.93347880271695 4.02125646193905 30.9265857982228 6.74764060318593e-05 0.00654826461613252
-1.42041621246929 9.65002804065269 30.7648441193814 6.7178672889056e-05 0.00654826461613252
-8.20020719535128 2.93190603068841 32.1283842913401 6.8824194713946e-05 0.00664897524337838
-2.47733901492778 9.98059512877594 30.9637299651101 7.00467285981299e-05 0.00670703625214112
-1.77156355765774 5.10293642082761 30.5083585330475 7.00506420702014e-05 0.00670703625214112
-3.26338525788827 3.82510073234537 30.6756774866953 7.12417729311936e-05 0.00678496346578213
-1.14314607044551 5.34021332593551 30.3836728431886 7.14972603751929e-05 0.00678496346578213
-2.7958406896869 1.47381642990746 30.2029296877517 7.36552324957491e-05 0.0069284375935804
-8.85709564033959 8.48233894066263 37.3962002100731 7.5025155674487e-05 0.0069959326684814
-1.26621471622162 5.6537554125355 30.0568420839564 7.54538719599135e-05 0.00700545104729119
-3.01660814917657 2.73091861436264 29.8854709721722 7.76280508954504e-05 0.00705461359133358
-2.5815614210961 6.03727145641728 30.4426474218269 7.7519376761842e-05 0.00705461359133358
-2.31326357615844 4.50948387125185 29.9480842836344 7.73983917309481e-05 0.00705461359133358
-2.15259657053929 9.75791532146836 30.1832370460934 7.67163818041435e-05 0.00705461359133358
-1.70168326187603 7.0906015347584 29.8313350871473 7.83296720983749e-05 0.00708833956748458
-1.83999942349567 5.97099152831091 29.8057387607656 7.86639288062387e-05 0.00708867765171177
-4.64223128874119 4.83950388347688 32.0898120648006 7.98778302858347e-05 0.00716794906334852
-1.47220477313138 6.48334181332333 29.6677581712031 8.0494078678978e-05 0.00719315210595017
-2.2230621099615 3.15345091820746 29.5912916084788 8.15292279282692e-05 0.00725542469451282
-1.73322266450217 5.63101340161589 29.5181468782986 8.25336527419102e-05 0.00731445971221383
-2.21470394979504 2.31635184684688 29.4092735891701 8.40549796105075e-05 0.00739808788959123
-1.76171256910909 3.60897608114116 29.401333439464 8.41671769972612e-05 0.00739808788959123
-1.55283940781238 4.04275143386834 29.3554097287093 8.48194608124442e-05 0.00742499173895711
-2.31892742331805 5.42759867609622 29.6075907192283 8.63707216971027e-05 0.00749176377073364
-1.04445381667011 5.94444571663173 29.2041499524976 8.70090670336838e-05 0.0074943110870338
-4.76061386442269 3.5231676102535 29.8150844805784 8.77691063288104e-05 0.00752953609373598
-1.27499156118396 4.96116869967603 29.1028314677597 8.85118242128185e-05 0.00756300037407298
-1.49736972564835 7.38584578890622 28.992308668614 9.01849978019603e-05 0.00767538749150255
-1.40196670409423 6.11329312076656 28.9682651451552 9.05537509083896e-05 0.00767630946929736
-1.46373789342212 4.0871926504728 28.9271541286961 9.11882618423153e-05 0.00769966398319739
-3.91847871188366 6.09287212280755 31.4225787657908 9.30312107057576e-05 0.00776358122959682
-2.25862728265617 7.40712471319071 29.2252607459016 9.24946372534484e-05 0.00776358122959682
-1.77379242130786 4.32319547681987 28.810795705263 9.30118422387989e-05 0.00776358122959682
-2.20883380390781 2.7329296329468 28.6417154501097 9.57363922450235e-05 0.00786689043861693
-1.31241147480846 7.94393338911086 28.6861042379201 9.50123942249388e-05 0.00786689043861693
-2.9741034614302 5.01334327365542 29.1156047068624 9.63300739411468e-05 0.00788546219777013
-3.95883524427729 4.83071806607563 29.9664852083441 9.71473856033267e-05 0.00792212919784999
-1.48360912494427 4.59952084883281 28.5261061113426 9.76517780436566e-05 0.00793309728675115
-1.45051789890529 5.80915299823286 28.4400528914925 9.91059084949974e-05 0.00802084686600833
-3.13323387454267 13.0132228075441 29.54875283822 0.000101307708657266 0.00813442388677913
-2.87142275212102 3.13397506413767 28.2467944376898 0.000102462616788023 0.00813442388677913
-2.30347170114982 2.75456499781569 28.1860975599362 0.000103543512896475 0.00813442388677913
-1.94384819999132 6.0715030506262 28.3255145245712 0.000102790694947399 0.00813442388677913
-1.58345199148398 6.72099977920476 28.2341800121677 0.000102686191048149 0.00813442388677913
-1.5472399057316 4.45769010178577 28.199938534079 0.000103295890123975 0.00813442388677913
-1.51685982808508 5.82505063379199 28.1861554754535 0.00010354247534435 0.00813442388677913
-2.08275314798672 3.27814713378115 28.1359720754297 0.000104445975025921 0.00817537527876248
-1.23495792333665 6.15244524581719 28.026454018508 0.000106449169170696 0.00827179467827504
-2.6687131705108 2.05700133703381 27.9873931165803 0.00010717421808745 0.00829807023581783
-2.70954797327762 3.975721017324 28.0872011840324 0.000107720512632148 0.00831036631086934
-3.97952421627658 2.87375033684385 27.9898595903498 0.000110068229812341 0.00834394374625844
-2.28621590765987 3.78340845860297 27.8706702111595 0.000109374659159501 0.00834394374625844
-1.61765877469167 8.73752267307419 27.8790931782156 0.000109214154951747 0.00834394374625844
-1.57415952926148 7.24602451487093 27.8327289890725 0.000110100996884932 0.00834394374625844
-1.84757174976013 5.99408336676158 27.8190715744565 0.000111541696533383 0.00841666454390815
-1.61048394324644 5.30370332508211 27.7427605987213 0.000111845451345821 0.00841666454390815
-1.36749197846407 5.68980096671979 27.7169178101296 0.00011235235326382 0.00842524797359843
-1.22812272814733 7.77292663619238 27.6951451663 0.00011278145670398 0.00842795784644689
-4.26279880776858 3.40887780010392 28.1537729234091 0.000113254989307525 0.00843395748499473
-2.33876872205647 4.33791790291609 27.4877980368187 0.000118196852320172 0.00868139688942031
-2.06420838250704 2.85703139464211 27.4557347288021 0.000117625379326906 0.00868139688942031
-1.25181601168319 7.24827546725679 27.3957912544525 0.000118875103798271 0.00870141416778672
-4.32331806901805 2.2365438005809 27.3416793559211 0.00012008335992996 0.00875995857284982
-3.0014138205338 2.70971157363825 27.2687227930349 0.000121574742832712 0.00877471024027333
-2.86831242237948 2.50075636725546 27.290699552512 0.000121102868102721 0.00877471024027333
-1.98515604161458 8.19280548662333 27.4462462596036 0.000121922117387115 0.00877471024027333
-1.91358606700324 4.87199808212298 27.2737113350307 0.000121467447260761 0.00877471024027333
-4.83997241569567 2.16397720574769 27.1864347399838 0.000125262209671188 0.00895499536939322
-4.92692446424726 1.81999348588294 27.0737939991437 0.000125853333480526 0.00896736359852773
-1.31338745719469 5.63214277134811 27.0322523695174 0.00012678722784488 0.00900399230327528
-2.14560636114406 3.43987317295552 26.944433945109 0.000128787634281461 0.00905609308994916
-2.09431577253076 9.15902720954889 27.2663373106821 0.000128606767004833 0.00905609308994916
-1.06991420063383 8.47423557462384 26.9732147250048 0.000128128096109115 0.00905609308994916
-5.45355785501766 7.66521398638365 31.7040196848534 0.000130760272874285 0.00910639534244713
-1.41342375852718 5.91994707486586 26.8044798941984 0.000132050587564744 0.00910639534244713
-1.41137712327185 4.90849124138794 26.8312234599198 0.000131419846657508 0.00910639534244713
-1.28413652639867 5.00324506502716 26.884423252129 0.000130175343021266 0.00910639534244713
-3.22091766050386 1.58425196330333 26.7481978225208 0.000133389313575283 0.00916923271874707
-1.25444595410616 8.35475384059316 26.6679166393669 0.000135325791770292 0.00924309635699823
-1.38290143019063 5.37531635860268 26.6051958857134 0.000136861045535059 0.00931828204314415
-1.37274757884941 4.63343801580453 26.583319473139 0.000137401199053902 0.00932545416490203
-6.2218666125734 3.96240861762155 28.9257934710534 0.00013983118864483 0.00946044007213147
-1.77144221658907 3.32560365516404 26.4247177427968 0.000141390878117582 0.00953424940327585
-1.21739258916361 5.24470858641628 26.4083054784693 0.000141811235121229 0.00953424940327585
-1.7154414993527 10.5378059087041 26.30499999298 0.000144490133384016 0.00965383143516196
-1.43155369577495 5.68903039993748 26.3089868523173 0.000144385680827186 0.00965383143516196
-1.69683630846211 6.02545765768426 26.2078537084251 0.000147062155397591 0.00979516163606252
-2.2071075270474 2.9201952102679 26.0708171256755 0.000150779706577856 0.00995006882146241
-1.33026375563583 9.43064265404334 26.0802421405327 0.0001505206134256 0.00995006882146241
-1.43171233552936 6.10280306736291 25.9790993738225 0.000153327795774758 0.0100871817054639
-1.22415790706762 5.78033422838107 25.9453358270387 0.000154278167050349 0.0101186662040637
-8.63327570791785 5.75094634776543 31.5017728871667 0.000156071179136543 0.0101540709695408
-1.57985565137639 5.4526446888513 25.9023835296043 0.000155496920484791 0.0101540709695408
-1.20861913619232 4.81923791695684 25.859949495952 0.000156711777447568 0.0101540709695408
-3.53306391179383 2.68383633906233 25.8121907506409 0.000158092062502553 0.010186924381765
-1.90694143439167 6.28344980906198 25.9246979381533 0.000159099679501359 0.010186924381765
-1.34753102541099 5.32933103626163 25.7640857810767 0.000159496407690606 0.010186924381765
-1.20604257537574 6.89399636465741 25.7714824689503 0.000159279549555065 0.010186924381765
-1.66895381186572 5.81642972812932 25.7115353465716 0.000161046840354661 0.0102188508434509
-3.07428433021486 5.96980020811632 26.8514965785554 0.000164345776406015 0.0103044404495719
-2.33527590303242 3.15816551980621 25.6094771966255 0.000164107371902313 0.0103044404495719
-1.39323707589558 5.83289381591864 25.5867470903962 0.00016479801716805 0.0103044404495719
-1.33131326341038 10.7604209999332 25.5543890692137 0.000165786937205251 0.010306180992003
-1.15887338591729 8.4185338519416 25.5587916674477 0.00016565198826294 0.010306180992003
-1.51241755188457 4.68850830686539 25.4013937100857 0.000170555502520033 0.0105415096903376
-1.42799097790392 6.5751400887118 25.3668530809821 0.000171653625019849 0.0105788945281629
-1.53771479112049 4.7256215916908 25.3234181328562 0.000173045998157554 0.010634147628897
-2.7448346899935 2.27673975953352 25.30249994955 0.000173721161468747 0.0106451364286292
-1.18318374738236 6.75005196831737 25.2669062677736 0.000174876924089898 0.0106854284642622
-1.79808922885536 3.4875283345904 25.2133429099116 0.000176632771904604 0.0106859773121485
-1.64129344929958 3.97422566551144 25.205882970546 0.000176878908276808 0.0106859773121485
-1.55409646384274 4.66290430215895 25.2197121507343 0.000176422932053607 0.0106859773121485
-1.43867725788589 3.76527164753998 25.2250386531331 0.000176247664677837 0.0106859773121485
-3.10197984142143 2.46309592011038 25.0974682050491 0.000180500575486621 0.0108053856995858
-1.92807042149577 4.97956920830691 25.1108603787736 0.000181178426181274 0.0108053856995858
-1.78400148373701 3.16170836320753 25.1138195038587 0.000179948964201058 0.0108053856995858
-1.50959660284456 5.32913852294215 25.0716792001024 0.000181374497685032 0.0108053856995858
-1.22486428040937 7.8390400999 25.111792124547 0.000180017253196642 0.0108053856995858
-1.33413388298973 5.78411705073321 25.0282300867458 0.000182857828258864 0.0108635785115453
-1.66269370197923 4.04167270430464 24.9765036115392 0.000184641843759358 0.0109091284383112
-1.09476670801151 13.1803834541428 24.9803441483755 0.00018450870479487 0.0109091284383112
-2.083180115061 3.60423083290966 24.9368365781979 0.000186023410158567 0.0109605606529417
-2.10287078694878 2.95231432739123 24.8762656658879 0.000188155882801994 0.0110354189381425
-1.58503270043111 3.88385325750806 24.8715520868662 0.000188322997685465 0.0110354189381425
-1.95458037171 2.86063116625752 24.816552174426 0.00019028554346991 0.011037638087457
-1.55489434480879 5.42210906273606 24.8128229167307 0.000190419456910481 0.011037638087457
-1.37016425645224 5.7810844194825 24.8414581783435 0.000189393950100789 0.011037638087457
-1.41908086593255 4.0605337104603 24.7487420185379 0.000192737430528101 0.0111099697290496
-1.39338510582562 3.91636751751623 24.7265598643636 0.000193547313821807 0.0111099697290496
-1.34378133941017 5.39808691605153 24.7503088083542 0.000192680372643988 0.0111099697290496
-1.30268311930103 5.72749900681909 24.7213146041798 0.000193739389129695 0.0111099697290496
-3.6568067462218 3.74049580277636 25.0795237316655 0.000195219467001461 0.0111649917567476
-2.22560253807552 2.50270379545696 24.652259306037 0.000196288523794861 0.011196276515501
-1.89529327054506 4.91418752875947 24.5776692075564 0.000199085112761761 0.0113256721840888
-3.09878628500596 2.66186576217608 24.5089359524878 0.000201702466823515 0.0113616338834284
-1.48197976421402 3.55505555270461 24.5274360126931 0.000200994141088065 0.0113616338834284
-1.43002116492466 6.22590850260464 24.5054495802699 0.000201836271254078 0.0113616338834284
-1.34853330448299 6.71382349881086 24.5096893866648 0.000201673563883849 0.0113616338834284
-1.90346534557086 8.03812661869138 24.6491713090339 0.000202535961138329 0.0113711747605596
-2.94631786347931 5.47445379538185 25.263909720894 0.000203190943968605 0.011378162337584
-1.84484477801871 5.05129358192216 24.4372987394629 0.000204472323181883 0.0114134073976597
-1.78385143230328 10.7554470736419 24.4737597477666 0.000206028013540319 0.0114473647834177
-1.65592534910806 5.14913600859295 24.3790290314182 0.00020675739556034 0.0114582063632626
-1.59944691153805 3.25393014223657 24.3431248834482 0.000208179913533124 0.0115073056843941
-3.95995783836041 2.06321891091373 24.3218562149824 0.000209027847246612 0.0115244736244167
-3.59566809120627 4.22697991099948 24.8582171947236 0.00021446583060949 0.0117337976252085
-1.99833414000278 3.44891924723024 24.13651074644 0.00021658651511665 0.011759825290397
-1.40976408550614 4.77233644841647 24.140899841561 0.000216403949842867 0.011759825290397
-3.02810015693992 5.59507599796782 25.0863516338634 0.000219087738532504 0.011865592748249
-1.31089504946934 4.51120484828147 24.0627080310644 0.000219682860240972 0.0118678546689877
-3.48770361089107 2.50829783076958 23.9823637784237 0.000223111287814497 0.0119900504131213
-1.69629699601589 8.73439361608001 24.018068172366 0.0002236219594931 0.0119900504131213
-1.36029412297031 5.09962788656407 23.8850844237374 0.000227344467200062 0.0121289969851735
-2.69197058179325 3.40367820387503 23.8878492353818 0.000228506633874468 0.0121546131156478
-2.09501000037981 3.45642529571248 23.8485469300561 0.000228958068667958 0.0121546131156478
-1.26648744178216 5.24760676536522 23.754504792627 0.000233171765691798 0.012347740392079
-1.11809650634674 7.69425267665015 23.7315362988337 0.000234214319146765 0.0123724002530558
-4.72168488508384 2.57081757004551 23.9904987572108 0.000234950409621963 0.0123807897669834
-9.26262947742634 6.25262425730134 28.441599991548 0.000238198737732664 0.0124905827094192
-6.84682753349137 2.96358119921516 24.5520430596441 0.000241335339755376 0.0125745884889938
-3.57423505895261 2.57764807691363 23.5104164687956 0.00024673252595175 0.0125745884889938
-3.29702961609927 4.33906313986575 24.0579143265907 0.000240603698347315 0.0125745884889938
-2.34916870701724 5.73555932209045 23.8466594866321 0.000245971255766782 0.0125745884889938
-2.29393894441384 5.42817457206517 23.773602434318 0.000245995426199805 0.0125745884889938
-2.00258513536647 8.53922758790149 23.7202175270864 0.000247422779053265 0.0125745884889938
-1.82325083623285 4.99539364073793 23.5429481438851 0.000243095650867677 0.0125745884889938
-1.45671358516469 5.67233519467127 23.451259210789 0.000247374880254711 0.0125745884889938
-1.41052671604759 5.57541253964157 23.5531563659379 0.000242494855884238 0.0125745884889938
-1.22423059800798 7.53872425026608 23.5108866935883 0.000244505748563604 0.0125745884889938
-1.17754112526306 6.93712884181646 23.557503384103 0.000242289129008533 0.0125745884889938
-1.16804794798719 6.69707315937261 23.5043400843558 0.00024481889066122 0.0125745884889938
-1.09753123724512 5.6580449680856 23.4633010492622 0.000246792369780182 0.0125745884889938
-2.17704970817683 4.90422054749025 23.5670481984962 0.000250233662827178 0.0126502542050665
-1.76894245584111 4.32561564856417 23.3907192408667 0.000250327338330547 0.0126502542050665
-1.19802050265856 6.8014938956208 23.3835196839652 0.00025068112263502 0.0126502542050665
-1.42391821552283 8.05316430991746 23.3636258736728 0.000251661672883198 0.0126699246439576
-5.86818001609036 2.3634097750313 23.5923330229494 0.000258235225045282 0.0128799322594097
-1.65897607032018 3.82989639965921 23.2371427457319 0.000257999405808604 0.0128799322594097
-2.19305386455282 5.31286001407282 23.4459085682433 0.000260862411761796 0.0129570970019454
-1.34406710809362 4.16487698679292 23.1786738029421 0.000260990623622903 0.0129570970019454
-1.3277666522038 4.3667983994534 23.0963665642033 0.000265268780124207 0.0131390751208404
-1.77178907520491 3.39192198380845 23.0840311571098 0.000265916827330356 0.013140825335839
-8.2338853779689 6.46439405364416 27.5355754196015 0.000271733132624101 0.0131750324564101
-3.60196600896184 1.72716331602208 23.041898575778 0.000268143964237261 0.0131750324564101
-2.89472025754429 5.60026671548368 23.9417311941123 0.000269999913488929 0.0131750324564101
-1.67463703021211 2.99955933821226 23.0073752301394 0.000269984769702141 0.0131750324564101
-1.3437655335903 4.63872613284073 22.9960916364638 0.000270589545217402 0.0131750324564101
-1.24029014205184 6.87186291068634 22.9673359128852 0.000272137799141591 0.0131750324564101
-1.78714050635921 3.14626723799392 22.9015979040468 0.000275715407007963 0.0132287882194626
-1.50723067238382 4.23967994831309 22.9210659490476 0.000274650342588342 0.0132287882194626
-2.69183580731471 2.71893200369243 22.8815391663472 0.000276817726124484 0.0132520307414996
-1.03570613369913 7.1410504866259 22.8642660310617 0.000277771000022754 0.0132680504175679
-2.86535495315056 3.51657110618555 22.963188252427 0.000280264670960445 0.0133277968915491
-1.20697975064734 5.59950728199869 22.8299170414021 0.000279677827409303 0.0133277968915491
-1.87898957219419 3.88201467466943 22.7484425714212 0.00028426085917197 0.0133989948278269
-1.67452327250885 9.50627004953698 22.7949714307085 0.000284092009029708 0.0133989948278269
-1.02059972637258 9.16319289602403 22.7553121057992 0.000283871144894443 0.0133989948278269
-5.38120957460015 2.16740074944354 22.9273740931443 0.000287851666544574 0.0135384971324155
-4.30418370127643 4.99498161306848 24.8499142301316 0.00029053070521148 0.0136048297700232
-1.97233422437887 3.15796428524506 22.6241895161472 0.000291416452476002 0.0136165765931434
-1.28391235342446 6.49983602059271 22.6010347286207 0.000292772543985799 0.0136502016323118
-6.33180357718669 1.99748502444668 22.8625228196157 0.0002935774754692 0.0136580392980216
-2.59224750115009 2.69615680949151 22.5553360401857 0.000295470163022538 0.0136867140093831
-1.52782927942602 5.31055955799891 22.5599071043972 0.000295199056078197 0.0136867140093831
-2.52300492433207 11.3662226034333 23.0494626034061 0.000296947388993725 0.0136959798962332
-1.18734374352203 9.66918756964047 22.5365357233059 0.000296588193299121 0.0136959798962332
-1.98649817736406 3.13567237500215 22.4744559374372 0.000300314478405496 0.0137919584975646
-1.3512126879878 3.88209238750745 22.4833861772317 0.000299775168735917 0.0137919584975646
-1.69351129258526 3.5455940003057 22.4620055499711 0.000301068226019414 0.0137970304346974
-1.17734459802639 5.47770195195042 22.4418554490129 0.000302292699937081 0.0138236066856089
-1.07921323122771 5.85161627455998 22.4181089257799 0.000303743030920191 0.0138603761364795
-1.1115585257111 6.82362231511319 22.4014436785333 0.000304765617667874 0.013877512106418
-3.23320801989746 1.55805146652249 22.3848183506279 0.000305789676437061 0.0138807068556738
-1.8957140823355 2.48139474923407 22.3793041720007 0.000306130197357844 0.0138807068556738
-2.62923944183894 2.69235891385757 22.3463512060231 0.000308174219534521 0.0139439081990651
-5.81268887283513 5.91046647686277 26.4719049131004 0.000311924451830251 0.0140542935260575
-1.57372054796217 9.96958481781974 22.2720654768682 0.000312839513589358 0.0140659728468573
-3.35849897172217 7.29080698867955 24.0045071498253 0.000314107673621739 0.0140934461844465
-8.224766421839 6.56995435059051 26.5370772162583 0.000315372339222702 0.0141206483492887
-1.40449621767693 7.12909393434339 22.1724910512351 0.000319220130690638 0.0142335013366364
-2.700920220455 3.70792971885399 22.2473958806945 0.000323230603679853 0.0143526433894862
-1.79177091200917 5.41066156364728 22.1266653660934 0.000326453234044716 0.0143969813542477
-1.72906935108944 3.9340681745595 22.0768292788544 0.000325490447058935 0.0143969813542477
-1.35121820251646 7.93839966047351 22.0554006012429 0.000326914249989212 0.0143969813542477
-5.37892553624068 2.82567293261898 22.5518240683102 0.000330405187703172 0.0144217910859059
-1.6351826147852 3.66143080333979 21.9997261054871 0.000330646862858152 0.0144217910859059
-1.61622066907855 5.33974820446287 21.9952501184994 0.000330949057684468 0.0144217910859059
-1.39322555802106 6.84685268128667 21.9900398813295 0.000331301222773118 0.0144217910859059
-1.37559280170005 4.22598785865481 21.939237639642 0.000334757533833552 0.0145334915549154
-1.89902065331598 4.80862577818753 21.9186327927751 0.000338988223365833 0.0146578234405787
-1.43693059104075 4.7172318162983 21.8805857699574 0.00033879925030173 0.0146578234405787
-1.85474027547089 4.51595984085348 21.7913068039532 0.000345059009019438 0.0148009611328798
-1.66573548509981 6.42527102511102 21.859655699302 0.000344682705014265 0.0148009611328798
-1.2820506084888 4.61892032700677 21.8102424579724 0.000343720375910584 0.0148009611328798
-6.24274894304806 1.43144676476587 21.815539110438 0.000347805397321774 0.0148495041766405
-1.57569478174019 4.47147897658919 21.7462558199536 0.000348267851021129 0.0148495041766405
-1.9745605499371 6.75130569423357 21.9883466872227 0.000349390951068995 0.014867832792811
-1.62066232060918 3.68537859581404 21.7063095621676 0.000351141648197437 0.0148730474978167
-1.15044877110373 5.20926848741827 21.7040163175538 0.000351307448620396 0.0148730474978167
-1.60576439547256 5.56679609835231 21.6833059201447 0.000352808859118219 0.0148950622076938
-3.48688533087847 1.7339152942749 21.587284683014 0.000359866481362687 0.0150855903544631
-1.32422234056216 5.49637320186053 21.5901242236654 0.00035965547191731 0.0150855903544631
-1.17070511098344 10.9519628786182 21.5867909443227 0.000359903186074942 0.0150855903544631
-1.11804079407475 7.22902390800003 21.5492847436559 0.000362703958538574 0.0151340696474257
-4.38735507128242 2.38465556535698 21.7054073528739 0.000367117204654037 0.0152293282170505
-1.05305325141512 8.09466559700022 21.4997643764089 0.000366440126151604 0.0152293282170505
-1.66209418983696 5.80810827429643 21.530797259094 0.000368515505956705 0.0152578225024198
-8.07552732765026 0.961675808797195 23.60568981321 0.000369625319772771 0.0152742856130378
-1.41933754729122 4.32474360501781 21.4362822888836 0.000371294172003108 0.0153137425133666
-1.17406524372407 6.28775692202848 21.3968136050219 0.000374349112305599 0.0154101063562729
-1.74992789169453 6.16994131926739 21.509873466151 0.000375576001452696 0.0154309933010651
-1.57814227215898 4.55602021141739 21.3581596205744 0.000377368867399975 0.0154750097497653
-3.51274984308723 5.15824904348285 22.6391152185567 0.000379990313156592 0.0155231471357513
-2.28176535517713 10.0505899167818 21.6453592129962 0.000379279588409659 0.0155231471357513
-1.46578642641818 4.08800552759211 21.3031146604913 0.000381717306985949 0.0155345181839235
-1.35141021801152 4.60295007023741 21.3086955432585 0.000381273829734678 0.0155345181839235
-1.7095603679968 12.9927266740495 21.3332682265876 0.000384138555220283 0.0155739500828155
-1.45948828845311 8.96609280180578 21.1859980408029 0.000391161206085223 0.0157785652554597
-1.14441423959919 4.79303249307659 21.1831693553047 0.000391392582454636 0.0157785652554597
-2.02508904884378 3.92748836683486 21.1576133538813 0.000393490077608953 0.0158037110383506
-1.32080847746008 4.21817051036162 21.1588597502605 0.000393387482776344 0.0158037110383506
-1.49469974146002 5.79141104610806 21.1480836885401 0.000394275506073416 0.0158056575303861
-1.16589636333414 5.08760020653605 21.1108923228204 0.00039735798261446 0.0158699006576021
-3.43920151851295 4.61125558916342 22.0430959884841 0.000400109541136076 0.015901471863082
-1.8925269480065 6.61507642102732 21.2089365814361 0.000407979330857049 0.0160746637350824
-1.60078341876289 3.95107538417043 20.9803970712492 0.000408393587420623 0.0160746637350824
-1.41380579398877 6.36874539982643 20.978660216185 0.000408542812294305 0.0160746637350824
-1.07655540799582 6.23865672144645 20.9906185617558 0.000407516651682352 0.0160746637350824
-1.52969554909169 4.27080890441588 20.9511858750972 0.000410911627046458 0.016111191344178
-6.88846834569222 3.02223995086953 22.0016085451504 0.000412337778858517 0.0161376064656544
-2.04690312413825 4.31356132450627 20.9580839431943 0.000414407773684864 0.0161890774539513
-1.05703024466714 5.92010432596604 20.8340465130387 0.000421189023325939 0.0164240745150389
-2.15521097638938 6.78166213760728 21.0989511548355 0.000424178648654972 0.0165106342608043
-3.9176350785429 3.86217612393786 21.5406501336776 0.000428163362965036 0.0166054604801286
-1.74056930023171 3.42166516075613 20.758412633105 0.000427980936743881 0.0166054604801286
-1.36890875184594 5.75819989933974 20.7142178617652 0.000432007536069377 0.0167243061842598
-2.51760207852129 3.22164784950279 20.6763247406579 0.000435494497479557 0.0167832520031712
-1.75089901784984 3.17220112509257 20.6774120956431 0.000435393990771862 0.0167832520031712
-6.94415418948589 1.9257095559784 20.9145491115964 0.000440684810624291 0.0168492463260428
-4.88972076176575 1.59342812687763 20.6307138441397 0.000439734402129208 0.0168492463260428
-1.42665080982193 7.09158991284697 20.6235838411191 0.000440401449450352 0.0168492463260428
-2.38293040366618 3.94482323222464 20.6625799613023 0.000445811746142532 0.0168642717890676
-2.00773850959676 5.24466067370772 20.7820282208485 0.000445845204662718 0.0168642717890676
-1.97482589764131 6.14599729374529 20.7391257193393 0.000451613939801025 0.0170252385180147
-2.27847841808596 3.82635524850407 20.530168753452 0.000452760490593836 0.0170357091960807
-2.36883157078633 2.55001017616452 20.4638929859017 0.000455648707922011 0.0170834879718761
-1.49080285766097 3.68534923443884 20.4559783677694 0.000456419947213362 0.0170834879718761
-8.79320458142297 1.2212346892372 22.7238049407428 0.000458174831699026 0.0170895228094765
-1.2154915603538 4.69546184975041 20.4391355807923 0.000458066163042373 0.0170895228094765
-2.52353159243491 3.54392993047823 20.458189322532 0.000462915500290099 0.0171817977586588
-1.25158707048219 4.72964344038779 20.3885421536736 0.000463052133375521 0.0171817977586588
-1.14182322950139 6.10414836747695 20.3997468963358 0.00046194258237964 0.0171817977586588
-1.38461486198992 6.21314789085097 20.3651937439573 0.000465374015074744 0.01723812867238
-3.76975610522674 0.518246865753995 20.3161074771195 0.000470298932730812 0.017343471021605
-1.31999321458865 3.84417069194232 20.3126910679094 0.0004706439191763 0.017343471021605
-4.95628708026245 2.75096454361829 20.5991849800922 0.000477960725151039 0.017423639582432
-3.88381655933222 2.72467878450963 20.4504396301937 0.000478047573887786 0.017423639582432
-2.08534431128876 2.59978364840543 20.273928667453 0.00047457844672541 0.017423639582432
-1.9389820348866 4.40756551322336 20.2634133076 0.000479318662453252 0.017423639582432
-1.86589051239981 3.37210206084071 20.2298260880276 0.000479100827124604 0.017423639582432
-1.67049334202356 4.15231866395929 20.2723455143916 0.000474739940061527 0.017423639582432
-1.28228480613723 3.99374523645819 20.2600798397753 0.00047599326068799 0.017423639582432
-4.5087190217971 5.18689447448093 22.6978966958201 0.000481895170621469 0.0174876577399638
-2.86711502707785 1.34610306918632 20.1751671958302 0.000484774199697732 0.0175624193596575
-2.21066641894306 1.57999560795031 20.1668836252142 0.000485640685041993 0.0175641412682894
-3.96700975523288 3.52208279516945 20.6415797458579 0.000487541872021142 0.0176032163791876
-1.14192722458488 4.67755280167404 20.1377272705432 0.000488704637673275 0.017615543469208
-1.43984173495172 6.17251342168376 20.1081090560324 0.000491839773586707 0.0176915853107236
-5.50232362292534 7.30680702502808 23.6755851006362 0.000494998767238731 0.0176937309349484
-1.21850262586171 4.79334095591025 20.0551425575828 0.000497503864621613 0.0177241949909298
-2.15367417825649 2.34380077398945 20.0296869160287 0.000500252527193017 0.017792563765686
-2.35178741983338 3.70750892660104 20.0214803963461 0.000507079362650481 0.0180039453091876
-1.23870437443265 6.63146084990175 19.9599261020561 0.000507874617058726 0.0180039453091876
-1.32604711847113 5.14807250894908 19.9478904687904 0.000509203020260762 0.0180107999905325
-1.40059273894359 4.58153503378136 19.9335147537094 0.000510794913116258 0.0180181225355335
-2.12316812641583 3.55980939014413 19.9222526668838 0.000512045993907062 0.018032595125328
-3.50018156972034 2.89011520155944 20.107378803454 0.000514201502615316 0.0180788190599847
-1.01679608077758 5.55993510926483 19.8678267894251 0.000518141636015108 0.0181875346442161
-4.14395390923114 0.960217328260427 19.8036919892524 0.000525431426121667 0.0183567597763032
-1.17643838129042 6.44654354937634 19.8028282345501 0.000525530400645786 0.0183567597763032
-1.49863638512737 3.95259598190287 19.7720575525714 0.000529070245973689 0.0184503570169069
-1.82237363897792 4.68022118494555 19.7827756761 0.000531798619559742 0.0184886882610225
-1.09017916120368 8.92489646908982 19.7394521926087 0.000532850932077151 0.0184919966670852
-8.37648168656741 0.629522932490695 21.5358530115571 0.00054289378994162 0.0187797469562547
-1.33170637091472 5.37725711122373 19.6062612156739 0.000548618996830938 0.0189167711013394
-1.67470407362018 2.84446463749463 19.5958746331259 0.000549870890081318 0.0189295039800546
-1.29003067009167 5.98132484323936 19.5703929105941 0.000552956058263736 0.0190052060602281
-2.21467284225625 2.84281994914718 19.5452604426394 0.000556018342045313 0.0190535518814332
-5.53959811031589 4.24948029483375 21.828597073925 0.000563309329035673 0.0192071465498062
-4.23426695221072 5.76362355766012 21.9575203306877 0.000563049434472998 0.0192071465498062
-1.53791946428512 4.28337584882551 19.4980348829514 0.000561825175779636 0.0192071465498062
-2.54089981462932 5.81411939830228 20.1435878088035 0.000567985956580635 0.0192465149028858
-2.12291381189433 4.04434469343759 19.4527527837341 0.000571643119929979 0.0192465149028858
-1.77825217509966 3.97474369372849 19.4262776518883 0.000570781642636606 0.0192465149028858
-1.60363253608603 5.20820738208822 19.4522900319108 0.000567680214616931 0.0192465149028858
-5.95911154584893 0.952693805449491 19.3741598722852 0.000577389176314475 0.0193005996574633
-3.01428326515168 2.69604616350383 19.3789794480478 0.00057677449047184 0.0193005996574633
-1.27085184295991 4.47152156536155 19.3689042202549 0.000578060332986031 0.0193005996574633
-1.16295418806693 5.66683758389246 19.3488537843343 0.000580629017356271 0.0193065899771162
-1.79135624619002 3.86150100113607 19.3005358475176 0.00058687288359311 0.019453883669894
-1.96411863286492 3.09335234645041 19.2846043947215 0.000588948423596886 0.0194625220968912
-3.57124352188398 5.13463336990526 20.6149797423083 0.000593491268999434 0.019582472686509
-2.57464625815344 1.86334701424665 19.2418829581011 0.000594555704126198 0.0195874595797152
-9.1260767515504 1.21667619273351 21.3050748575286 0.000596786637158771 0.0196308021581966
-1.44176311242214 11.6509376668535 19.1904478377263 0.000601387842404552 0.0197216591071107
-1.31592870562431 4.58935553505469 19.1450384016899 0.000607494280314065 0.019891495923505
-1.76992537936851 3.21904544678166 19.1203288643823 0.000610846868638373 0.0199403847666472
-4.88285515742454 1.30538198255589 19.1046228175952 0.000612988860934615 0.0199495783011604
-5.32056005614545 3.54333968325929 20.3415410276782 0.000623120391192588 0.0201182500804104
-3.63939758110674 2.68303120673941 19.1544910014233 0.00062069392194755 0.0201182500804104
-1.52525538634063 3.32893430915335 19.0273592513811 0.000623651929440751 0.0201182500804104
-1.49209240912411 9.05366379334802 19.0684054955823 0.000622420064305277 0.0201182500804104
-1.0190496277834 5.03210257272739 19.0435585798652 0.000621398816597498 0.0201182500804104
-2.65330722443381 4.4412597424301 19.2596875815676 0.000626932458111814 0.0201889195632494
-1.50420638459664 5.28932889313392 18.9781303180603 0.000630556568821243 0.0202198335112078
-1.15382289538345 7.65711477647365 18.9797589504736 0.000630326750306029 0.0202198335112078
-1.40784720738786 5.32792038043704 18.950147773257 0.000634520228590122 0.020311276630705
-3.17830268924481 2.08780394594052 18.8954912022019 0.000642344661095608 0.0203491372917541
-1.6023920942995 4.02502440039454 18.9113793625817 0.000640058853029957 0.0203491372917541
-1.22867235694437 4.05443636490283 18.9100673819862 0.00064024725315607 0.0203491372917541
-1.14922530658143 4.80747256992766 18.9162900009155 0.00063935424894507 0.0203491372917541
-1.07480079416457 5.79676273967139 18.9017414887903 0.00064144432882396 0.0203491372917541
-2.02387631828953 3.40232411101427 18.8888393830473 0.000643304420485335 0.0203494836373879
-1.46754333363918 5.06891636414036 18.863585853156 0.000646963093357431 0.0204350772654445
-6.38788144005999 1.63509090211512 19.0159089779499 0.00065188185886863 0.0205299709649861
-5.02548277470179 1.09853158388084 18.7945260768727 0.000657090440362654 0.0206636637455394
-1.18091462303211 4.37329776568173 18.7821119959342 0.000658930078056337 0.0206911762577954
-4.77234655334636 0.393004770358658 18.7705888065363 0.000660642967605129 0.0207146341026713
-2.47678452327358 2.36656781015896 18.7484769524182 0.000663944112637095 0.02078775092515
-1.91719884501981 2.09080596069675 18.7135070155783 0.000669203462950581 0.0208307789113224
-1.19567598527143 4.60510967082179 18.7308383855747 0.000666590956768524 0.0208307789113224
-1.88853941458566 2.40454095820201 18.7060724941883 0.000670327719517361 0.020835534203607
-1.23653393492736 7.29679188558427 18.679249637471 0.000674401894396165 0.020903003283485
-3.39305680271457 2.37001139564499 18.6913689987874 0.000677305289602045 0.0209612792872945
-1.92268240473942 3.43123617315149 18.6265789416575 0.00068248482827186 0.021091141371681
-1.72113637550798 8.24902973989808 18.77683840259 0.000687419727853645 0.0211826018725246
-3.36408842090569 3.86149428821675 19.009304725117 0.000689678892273729 0.0212217262591028
-1.59026294034554 4.3922897834775 18.5655785128053 0.000691984868300004 0.0212511927353704
-1.48855142578521 6.80589268943747 18.5907587801878 0.000692873395918274 0.0212511927353704
-1.57557518532679 5.97069549382455 18.605755081489 0.000694805914730187 0.0212574928005967
-2.15624445061356 2.71866743239799 18.523437483475 0.000698636138495546 0.0213147430567272
-3.95395553882535 2.29025094377615 18.5804315787513 0.000702374600814568 0.0213174519519294
-3.41332961378612 0.74655662294877 18.4829027891503 0.000705102948560308 0.0213174519519294
-3.42286067275101 2.46387799108395 18.5058299603817 0.000714313208461643 0.0214024959417619
-1.58459272079627 5.75637993371602 18.4866952587175 0.000712143538154784 0.0214024959417619
-1.08751780250009 5.48929593354764 18.4345460181556 0.000712907413458823 0.0214024959417619
-4.93526802655087 2.83619129158761 18.9980592434792 0.000718019246796866 0.0214712380453261
-1.12924698943043 5.98964218424819 18.3983649660692 0.000718811438268481 0.0214712380453261
-1.41969245959325 4.48288236363538 18.357746288594 0.000725506334217375 0.0216110199305001
-1.54269458586568 7.57832529221182 18.3872672000993 0.000731127052271548 0.0217088000032815
-1.31862919688199 4.62674004723613 18.3176180886487 0.000732190509715847 0.0217088000032815
-1.78845409544738 4.89628185987355 18.3787113009048 0.000733947875469823 0.0217116966692432
-1.32964672911031 9.39279233391393 18.2645689448945 0.000741135319472217 0.0218941173508549
-1.5151736086763 4.90829142377988 18.2491242786154 0.000743762945946676 0.0219357029836229
-2.51238100109239 2.13701963024676 18.1982423936841 0.000752495243339423 0.0220776545607396
-1.39074368794695 10.9203035108808 18.1749021837752 0.000756540058656764 0.022166003603841
-2.13083669054603 2.40187115488729 18.1557985419765 0.000759869198024789 0.0222331714734484
-1.98002425245597 5.02008029149311 18.2702693346866 0.00077031592464915 0.022416506968725
-4.55125097109983 2.69211025978848 18.3399800493217 0.000775114645066413 0.0224827363127783
-1.97068079344008 3.49326783773491 18.0660429263749 0.000775736693777961 0.0224827363127783
-1.09731576404224 6.18682755135088 18.0585665100498 0.00077707542750632 0.0224911426366101
-1.18658063755048 4.73321844924048 18.0377700468811 0.000780813181412215 0.0225453493122197
-1.62868181801468 4.27904534309083 17.9930298516595 0.000788924274012852 0.0227114884627566
-1.64570086974683 3.95796909490369 17.9862312392176 0.000790165232478222 0.0227167208323866
-3.7408088101521 2.36485884188345 18.030629684704 0.000796048473210447 0.0227941943991248
-1.38302788876247 9.51039445130928 17.9046457387606 0.000805232638679186 0.02302643253567
-1.82013215964525 2.41000634397274 17.8938334849125 0.000807254029180513 0.0230534982208182
-1.65658420101535 10.0313984509351 17.9897647570763 0.000809682004672622 0.0230920877050714
-1.84348087024368 10.9826102937983 17.9780179387659 0.000826069361988372 0.0234565352865081
-1.35085894796734 5.31925816990902 17.7849908624437 0.000827929184123032 0.0234565352865081
-1.34416378497544 3.88641987999849 17.7880381596001 0.00082734215595286 0.0234565352865081
-1.05836600357645 7.80127584097885 17.7604173080333 0.000832680460938629 0.0235600235432068
-2.83912565765421 3.39363841414727 17.9162348277338 0.000835069152793231 0.023596479736438
-2.46605220554062 1.82758609647703 17.7310003161489 0.000838409285383414 0.0236285991374745
-1.01013266255014 5.06187885224849 17.7338925601073 0.000837844040019192 0.0236285991374745
-3.62722461026385 2.53300793799635 17.8125277396227 0.00084373171891124 0.023716270216893
-1.12877499287671 5.60004192383689 17.6879066640961 0.000846883175031134 0.0237426188952846
-2.46902731807698 4.66891685070482 17.9040199669189 0.000851254802631567 0.0238029488292558
-2.40753807574211 2.06764077005101 17.6705439585997 0.000850325017997895 0.0238029488292558
-2.80269111280312 3.6516615435371 17.8342463150069 0.000853745127950427 0.0238160927916091
-1.67127285405738 3.70218712080905 17.6523651916189 0.000853945789935533 0.0238160927916091
-1.10946128936301 4.86575050534454 17.5964253076071 0.000865198800624787 0.0239461344837289
-2.51155618554106 1.56686428586507 17.5781758827696 0.000868906530983896 0.0239838331660381
-1.45196707363988 5.81463381166221 17.6101461037459 0.000868121286675081 0.0239838331660381
-4.12016475364602 1.66315402237687 17.5239248217269 0.000880036499720852 0.0241145726727132
-3.69676213175658 2.53757639775844 17.6964497532584 0.000878403623025867 0.0241145726727132
-3.57008321374883 2.58866692038478 17.6115892138229 0.00088088089606277 0.0241145726727132
-2.97827565910993 2.53899776395345 17.5711651500724 0.000876071976136343 0.0241145726727132
-2.31142787018919 2.09323602777785 17.5046381187705 0.000884032528367579 0.0241526695998719
-2.79169259828632 1.97882499006551 17.4439659827281 0.000896739265351545 0.024313991180777
-1.72711834691853 11.5847574032216 17.6072079971826 0.000896731115084095 0.024313991180777
-1.19822656258541 5.39981824029569 17.4535738871481 0.000894713200169723 0.024313991180777
-1.04214503793679 5.55120825364837 17.4512647899144 0.000895199652147288 0.024313991180777
-1.99725040165739 2.39905237424163 17.4325761476758 0.000899147897861921 0.0243485163705109
-1.11519601131691 7.12303884779528 17.4157676579486 0.0009027159587371 0.0244143116860461
-1.33674078490633 4.71300370583591 17.4062447247364 0.000904744648830987 0.0244383608104259
-1.40623274851998 4.97225276764653 17.356223234933 0.000915486868903329 0.0246663905494594
-1.36263118747467 3.66450516277351 17.3332642547551 0.000920466166400742 0.0247383933218004
-1.08978978349015 5.39249103581298 17.3378135312359 0.000919477071847365 0.0247383933218004
-1.60936148130218 4.81031266550936 17.2958556566366 0.000930318295825044 0.024878231165087
-1.26385351774489 12.0070406684948 17.2900166633979 0.000929930013329311 0.024878231165087
-1.0846940433574 6.76925142024373 17.283030624018 0.00093146918569333 0.024878231165087
-3.24880840421165 2.99895126020531 17.418223905701 0.000940016472475033 0.0249497142749207
-1.46812963419827 3.87449027320334 17.2526595017368 0.000938194556156139 0.0249497142749207
-1.31570303985419 3.89179350874085 17.2559497781011 0.00093746328150756 0.0249497142749207
-1.21329161483588 5.08086225612241 17.2290896820181 0.000943452150741861 0.0249497142749207
-2.0578470203405 2.72318050689021 17.2125659979553 0.00094715810361183 0.0249554052188734
-1.36246261918217 5.17924895564856 17.2221253688939 0.000945012089344048 0.0249554052188734
-1.3299202523199 4.79113430522923 17.2138187657803 0.000946876548448898 0.0249554052188734
-1.28054810320583 3.80498956008999 17.1748446465637 0.00095568088016862 0.0251182448982554
-3.73994568183798 3.07841180764099 17.3810757684049 0.000957650120787193 0.0251391947864418
-4.77590297563548 1.53288562420774 17.1996551868111 0.000966132414329741 0.0252029593853381
-1.56178551589226 3.76918347463035 17.1196723195985 0.000968305055882807 0.0252029593853381
-1.03572566358719 5.32472088888808 17.1347657580721 0.000964832613343791 0.0252029593853381
-3.12279242246832 3.55643651858866 17.3221109806192 0.000970894137424601 0.025209160490733
-1.17104598153267 4.94580942153512 17.1008948217631 0.000972645043332389 0.0252190770492112
-1.06529161920622 4.73657874608012 17.096656039135 0.00097362781725868 0.0252190770492112
-1.59294588308384 3.31972456723462 17.0537667618527 0.00098363599431726 0.0253756499470067
-1.33015749213898 3.20511739884942 17.0504905890604 0.000984405313372946 0.0253756499470067
-5.47662680992094 1.00094601287029 17.026544496152 0.000990049348374451 0.025464592641529
-1.89104529178944 3.1343629588057 17.0257791531822 0.000990230347509452 0.025464592641529
-2.43056549793254 4.06193091264177 17.1761785285381 0.000991662800594718 0.0254708887237784
-1.42966595100511 4.60453988702565 17.0088703779826 0.000994238849083514 0.025506507890304
-1.2450239137957 4.58645681752139 17.0004720093988 0.000996236719024424 0.0255272268971527
-1.23209095901062 5.14010844069201 16.9636967049023 0.00100503939093947 0.0256302970481317
-1.40280422064839 3.60311281541114 16.9381102309388 0.00101121637272893 0.0257571942350564
-1.76756962093663 2.70564036744089 16.9176694113194 0.0010161823382276 0.0258223490615727
-1.56353378333555 4.63254914948475 16.8952408209253 0.00102166335815617 0.0258373321591016
-1.48580185185738 7.3804691502616 16.954556123253 0.00102400020213719 0.0258373321591016
-1.4371291027522 5.06264439268979 16.8879903507292 0.00102344243245863 0.0258373321591016
-1.29001398995031 6.57388003117721 16.8208589857722 0.00104008415583926 0.0261508615360898
-1.72638680865912 4.47922313515066 16.8352455865156 0.00104300172036337 0.026184321057298
-1.58203337587402 5.11533900546699 16.8154502620208 0.00104851955369736 0.026184321057298
-1.54346544333781 4.31591793774544 16.7866950306729 0.00104867209544054 0.026184321057298
-1.27521271633858 7.2348004100394 16.8025325308965 0.00104468090592797 0.026184321057298
-1.02098446953047 6.91133065729959 16.7864252500822 0.00104874023351606 0.026184321057298
-6.28150410898767 3.66347536712062 18.2111483974658 0.00105163447972742 0.0262260519612952
-3.88755818881234 3.28413936126776 17.1214866069899 0.0010539463848383 0.026236652875933
-1.78857503748627 3.96546574013957 16.76366825749 0.00105450621434486 0.026236652875933
-1.96194764434203 2.27324493613947 16.7165446279774 0.00106656173901361 0.0264751731673898
-1.58222114498825 4.44664565410836 16.6896579093788 0.00107351073869812 0.0266168610553278
-1.51521974524712 4.41037500917753 16.667410368723 0.00107929991284513 0.0266986680862625
-1.41596431220126 3.56040842143021 16.6602870107622 0.00108116107236931 0.026713895759337
-2.93545883006849 3.09166364108097 16.7378556260931 0.00108644017942722 0.026782623595604
-1.28146418601485 8.73225985503608 16.6349454493992 0.00108781204303211 0.026785654290367
-1.499275041295 3.80533825134687 16.6166202050101 0.00109265073672565 0.026873945356141
-1.12730074557904 4.66262178094063 16.572915134858 0.00110429060692862 0.0271291187248546
-7.47511904081481 1.40807162616219 18.204266981569 0.00111195567774962 0.0271553821709426
-1.54966436405155 3.73266273394026 16.553428782291 0.00110952605793264 0.0271553821709426
-1.5207367858876 4.36169267607794 16.5360368563211 0.0011142227962153 0.0271553821709426
-1.50834066202776 3.64374617505089 16.5374416903597 0.00111384257324129 0.0271553821709426
-1.43844304692706 11.4989139817241 16.5832888307018 0.00110831586389814 0.0271553821709426
-1.01259317341278 6.21511292836159 16.5255562560534 0.0011170640979041 0.0271628953602599
-1.11228579932777 4.89222124611902 16.4818793889113 0.00112899457123077 0.0274219100443787
-3.37676396077526 1.39865634518364 16.4565470673972 0.00113598096796749 0.027436243040539
-1.89180444973877 2.58227218057124 16.4591007210288 0.00113527445824545 0.027436243040539
-1.33466421124897 4.55594553795934 16.458828878786 0.00113534964389073 0.027436243040539
-1.05643708034999 6.13264286746705 16.4737919077163 0.0011312196586552 0.027436243040539
-1.54320627423264 3.13776340510837 16.430385877303 0.00114324794477185 0.0275390456881427
-1.38063760054208 3.03344305587508 16.4000208521075 0.00115174945901922 0.0276923437753196
-1.71549629487007 4.36006385866141 16.3739928250759 0.00115947068655433 0.0278467724686795
-2.3716649609614 1.72315239714979 16.3537870851261 0.00116483320004649 0.0278715799141558
-2.35710949878107 4.03225637076561 16.500494670062 0.00116817392668106 0.0278715799141558
-1.56803093056738 11.075266597215 16.4230496629966 0.0011683009438535 0.0278715799141558
-1.45575619121984 4.04775851210876 16.3530543725816 0.00116504191616325 0.0278715799141558
-1.26443350048099 4.62562124342873 16.3427686933666 0.00116797635588591 0.0278715799141558
-1.12644290472493 9.41794145586477 16.3148540099468 0.00117598296849806 0.0280236741393088
-1.26831296893211 3.95012275774005 16.3079448234238 0.00117797437876649 0.0280399739194283
-1.47977750242235 7.30736460330474 16.3645080590187 0.00118034907193335 0.0280653509376437
-2.88764901721313 1.1538829379257 16.2619457630553 0.00119133134674187 0.0282014165491973
-1.1835130304112 9.85054214493811 16.2635759872661 0.00119085501776001 0.0282014165491973
-1.59525922971941 4.52831409666387 16.2463222803482 0.00119590738922317 0.0282473852165961
-1.33516533812012 3.30833947743533 16.2198611480734 0.00120370369861315 0.0283690474990727
-1.4936142521258 3.66979289019766 16.2098534734742 0.00120666743445913 0.0283811739795414
-1.97566257074937 1.80971687592755 16.2043742309687 0.00120829362989814 0.0283836511286149
-1.24378800813259 4.15619336264869 16.1604484356025 0.00122142150920519 0.0285692925276152
-1.26346633780191 4.02397315038205 16.1341240583015 0.00122936715847356 0.0286278365339657
-1.08187478194978 4.20175624886227 16.1167716307388 0.00123463710311272 0.0287193730482196
-2.2880916719865 1.26617828289711 16.0962573960837 0.00124090067884506 0.0288337994140737
-1.53360090828979 5.80204151697785 16.148482153865 0.0012491610280656 0.028931702558232
-2.81162891583066 2.67603521199532 16.0740322509108 0.00125929789826864 0.029072294966811
-2.48076658856483 5.92840033687649 16.6863738496158 0.00126626489489694 0.0291796421511639
-1.61778124336969 3.35111320950264 16.0102304110346 0.00126756631847877 0.0291796421511639
-1.50953364748594 4.68753963266682 16.008754806762 0.00126802939734624 0.0291796421511639
-2.99191700399647 4.3327037541824 16.4339448561462 0.00129101054400893 0.0296448641727618
-2.84121029158887 2.28027822646199 15.9218377686047 0.00129565079403655 0.0296561607040575
-1.38596577417179 4.97951309796086 15.915329688232 0.00129774656551035 0.0296724633160987
-9.4336045211856 1.98664326294654 18.1146593743933 0.00132003261975382 0.0301178080807024
-4.44525006578118 0.232694091466612 15.8334625465763 0.00132444414328118 0.0301863480775255
-1.14899390818057 3.9043287897685 15.8081334096577 0.00133283115898051 0.0302863162194909
-1.27429733298691 4.25109799309826 15.7834989261141 0.00134104653386483 0.030403197686891
-1.70974888281884 4.58464510831544 15.808755906326 0.00134474734527318 0.0304492831072583
-1.53596124804359 4.09172128312534 15.7645957519518 0.00134738989105772 0.0304492831072583
-1.34311865336725 4.10553686483316 15.7496238011757 0.0013524384285167 0.0305002597017852
-1.21104207028079 7.00013217953128 15.7164988417005 0.00136368531029473 0.0307215954305579
-1.60769056904889 2.32967275853183 15.7070230175196 0.00136692229724733 0.0307622062004863
-2.53459387578331 4.51179508135639 15.9581938480153 0.00137647345159973 0.030944681463794
-1.7100150485966 2.5455447821946 15.6444679240072 0.00138851348666492 0.0311175013046005
-1.57798925557322 3.51566754594154 15.6037122371837 0.00140279056087373 0.0313066068252434
-1.31140195726089 3.99965412762225 15.6114585503289 0.00140006407095612 0.0313066068252434
-1.79385841341685 3.76021418490347 15.5849878165323 0.00140940618796764 0.0314215535481726
-1.26793964641126 4.42690163640087 15.5611516610489 0.00141787961548003 0.0315424514277831
-1.03964020514912 4.07246683023946 15.5560156260738 0.00141971303494563 0.0315424514277831
-2.98080287956321 1.31285181444387 15.5373978338867 0.00142638185250425 0.0316163641834839
-1.85708152401528 5.74988022567046 15.7037764262938 0.00143153822905271 0.0316844173359065
-2.28940899313641 1.93438442202375 15.4979070616711 0.00144064636341762 0.0317875952224462
-1.16033119649792 8.91628554226687 15.5009502053023 0.001439541355764 0.0317875952224462
-1.38117201396956 6.73737426174463 15.5049123498975 0.00145089648408478 0.0319515601084441
-2.06619306476939 2.68497054632978 15.4496393934193 0.00145830354682793 0.0320453239434616
-5.0577604196811 1.53198096042566 15.501521981656 0.00146638014479948 0.0321240602303518
-6.86659754617799 1.69183305734635 16.7363446628875 0.00147253985274964 0.0321758617018236
-4.81157885405288 3.16704076707985 16.0096959871725 0.00148306527684719 0.0322609069204139
-4.15722305324017 2.2213938004291 15.5295997588119 0.00148766899539746 0.0322609069204139
-1.04876487746327 4.91540594337644 15.3763687652707 0.00148558299669216 0.0322609069204139
-3.33084265231657 2.13735487215975 15.3954074926245 0.00149148241208039 0.0323109326180687
-1.22035988228835 8.18087210290055 15.3344815921419 0.00150144036173073 0.0324610800786683
-1.58343314921335 2.68878511864601 15.3247585073401 0.00150514892487177 0.0325084884105991
-2.05063074723888 4.02826173387174 15.369274856444 0.00151594293623972 0.0327086802349429
-1.01320616463061 5.62811745020495 15.2801544558177 0.00152229672388884 0.0328127616454712
-1.15836673780672 11.6497722600612 15.2718132132779 0.00152552824378616 0.0328494018518894
-8.51513182549136 0.330416080883393 16.524605608294 0.00153693329605008 0.0330286657318499
-2.45198836385336 3.03753845422251 15.2608863909605 0.00154313282295368 0.0330625071467408
-2.84382210881111 3.20837161012238 15.3368717501725 0.00155482589182438 0.0332518823362941
-1.18842302881761 4.28297014079642 15.1833016555249 0.00156030729572347 0.0333305882185072
-1.22171685129578 5.43006886751267 15.1782622198339 0.00156231461259602 0.0333402601953699
-1.03999555344197 4.74436385526745 15.1327655992801 0.00158057139997488 0.0335961494700309
-1.85352803260049 2.75762302538815 15.0449263573469 0.00161651499058471 0.0340162966594981
-1.76438760501358 3.5906697620508 15.0402350243584 0.00161846084986117 0.0340162966594981
-1.27843688728508 4.06425723025437 15.0514874412236 0.00161379809296888 0.0340162966594981
-3.31247792710874 1.46464152377625 15.0313720123019 0.00162214435363952 0.0340387045937532
-1.96641000501923 4.0934377780528 15.0944820482862 0.00162519855942571 0.0340387045937532
-5.49121534008151 1.95216885635593 15.1868864553303 0.00163229444613066 0.0340888025029724
-1.3480546087339 6.01055039865855 15.0293919642966 0.00163191524833012 0.0340888025029724
-1.05035706301058 3.94972160914234 14.9961377077868 0.0016368831372855 0.0341500317561888
-1.30071487695041 4.04361358890312 14.9297059372483 0.00166509126479875 0.0346710799574162
-1.17232063570391 3.88760912047493 14.9200216372391 0.00166924971329855 0.0346903087220097
-1.12029682168013 10.8054555786852 14.9015968063858 0.00167719424188464 0.0347879931389748
-2.08858665828487 1.90150415967997 14.8924119981053 0.00168117077211708 0.0347949424503399
-1.88998273810356 3.66648755523835 14.891641517389 0.00168198047376023 0.0347949424503399
-1.08861337462529 5.26244215932063 14.8746974020843 0.00168887078126172 0.034861608898672
-1.73954084694908 4.17631355554156 14.8839033167097 0.00169404718712718 0.0349348365599198
-1.44917881635287 3.19655317757797 14.8581047653781 0.0016961197653416 0.0349439775286083
-3.83008203853398 1.54584134986503 14.8012119188241 0.00172384029827937 0.0353445792328638
-1.24308345271044 6.25926704596757 14.791783554584 0.00172545225238068 0.0353445792328638
-1.20698527218619 5.72225222767786 14.7942413256603 0.00172435491783879 0.0353445792328638
-2.00120200421463 2.3470877430669 14.7385146648216 0.00174943317985517 0.0357334222936703
-1.1376200106126 7.44862565496535 14.7411109911673 0.00174825553620468 0.0357334222936703
-2.68069670417643 2.0346951829274 14.6995647701146 0.0017672096244998 0.035993679787889
-1.15677805925051 6.21475137019762 14.6820503584646 0.00177527044878775 0.0361235534299344
-1.4796768579994 2.90594787812706 14.6714578715203 0.00178016596624303 0.0361545638996347
-1.79843038899986 4.96716620941333 14.780649162416 0.00178562446734557 0.0362311144287232
-1.48107872145782 2.71912735608407 14.6185713092566 0.00180484103796254 0.0365173827747006
-2.03827585995072 2.81391902822593 14.5731298407012 0.00182635580029724 0.0366073391111915
-1.89243017880144 4.01817257283784 14.6231619617103 0.00181765998705154 0.0366073391111915
-1.17381575799493 6.04187991853567 14.5762164351077 0.0018248851525597 0.0366073391111915
-1.14693105710651 4.37477069125965 14.5746503444413 0.00182563116706138 0.0366073391111915
-1.07497335242887 4.19434295705503 14.5902973583009 0.0018181933025104 0.0366073391111915
-1.51402899856001 4.47011986933916 14.5091797149198 0.00185713327272423 0.0369419052108386
-1.08531399617166 10.0433301528045 14.4184975153912 0.00190180043389362 0.0375579317732197
-1.39728689526141 5.22148676896755 14.426770166021 0.00190416904792527 0.0375701136806377
-1.36751407826336 3.2531137277075 14.3870620935794 0.00191757087716559 0.037695822733795
-1.57692184992503 5.13263978153684 14.4431970880762 0.00192219190268238 0.0377520601985613
-9.92082698639684 1.32599533924047 18.1308815585953 0.00192508866984142 0.0377743611181051
-1.24248609637409 3.30396523685416 14.3625536590005 0.00192997019238928 0.037800977822989
-1.19574297879185 6.39309363350359 14.3333487870539 0.00194486565623686 0.038057968731124
-4.63560419457708 0.0800576979635036 14.3145963324151 0.00195449947257006 0.0381143698343962
-3.89625246087124 3.24670975981095 14.719686273973 0.00195841075943044 0.0381143698343962
-1.44512954640968 3.63481899315567 14.3129361448943 0.0019553550024481 0.0381143698343962
-1.36566219346505 4.49451095937149 14.3237914221683 0.00194976880621054 0.0381143698343962
-1.33537686478825 3.89955037128088 14.3006051583306 0.00196172286735905 0.0381442160800087
-4.97722609507393 -0.31333960085532 14.2600250075947 0.00198284730988363 0.0384714169702237
-1.64639305878867 2.90536643186513 14.2513323835875 0.00198740617537122 0.0385039749260944
-2.32095904538254 1.64747041374198 14.2344190983713 0.00199631084455407 0.0385719627776136
-2.28586384623628 3.07099452056269 14.260175610002 0.00199497120128749 0.0385719627776136
-4.24264481839517 1.82989628789907 14.3147005338959 0.0020097122861142 0.0387959490551677
-3.64342969498375 4.11445462014751 15.0016855051896 0.00201543576376355 0.0388531258429309
-2.29759133223121 1.69712063699168 14.1933786204991 0.00201810892847601 0.0388531258429309
-1.70952233592019 2.34140816913448 14.1962426564961 0.00201657891349467 0.0388531258429309
-1.10910096745375 4.79491701182108 14.1349311657592 0.00204962495070001 0.0393186997474626
-4.42758151034629 3.41995061340145 14.8922343166485 0.00205387243200823 0.0393649705534231
-1.89664358908959 2.88803332461536 14.0972325139463 0.00207025196717517 0.0396081123461247
-1.46626210248152 4.77630155570849 14.0719090154051 0.00209116730130605 0.039901481415579
-2.11397026652092 4.24157305341542 14.1633320351751 0.00210122058661638 0.0399655332166317
-1.2515773515512 3.60206516331631 14.0360112186975 0.00210425845725369 0.0399655332166317
-1.02652915307541 6.04971347011962 14.0372883843661 0.00210354252592966 0.0399655332166317
-4.24157990317539 0.165337251068371 14.0258647952253 0.00210995609426262 0.0399754667435074
-4.19318180879898 1.15498889742271 14.0281489180063 0.00210867192437413 0.0399754667435074
-4.19190447497964 0.624715814954646 14.0030726403277 0.00212281941249038 0.0400775598060574
-1.20508020112194 7.65110137334427 14.0059174535563 0.00212120897325592 0.0400775598060574
-1.33316206953765 3.40956913539686 13.9917450172578 0.00212924585409222 0.0401282388688188
-1.17478523081524 4.68989965775315 13.9932708281384 0.00212837892579825 0.0401282388688188
-2.18275986385897 3.0411053361882 13.9694616684247 0.0021419529280517 0.0402818030916031
-1.09610293765037 4.00235351467993 13.962847614361 0.00214574130058453 0.0402974725688585
-1.47586164068885 9.01425897978729 14.0326536227154 0.0021659361586082 0.0404493959947951
-1.39326256206135 8.50367100347454 13.9877015597089 0.00216703296489111 0.0404493959947951
-1.05384861563997 8.17593602165049 13.9156383749987 0.00217300573627938 0.0405066537619478
-3.49707516294034 4.51734452717992 14.8562809572306 0.00217627018047413 0.0405160300005457
-7.61707963109033 1.9896358971808 15.2123964209624 0.00218022469432033 0.0405544484120451
-4.65166415066679 1.271966926761 13.9101577598102 0.00219323818925466 0.0406390411877624
-1.45527509595115 3.38395208592309 13.8775717478182 0.00219527946320572 0.0406390411877624
-2.81327064153335 2.46633890914111 13.8600248870002 0.00222283269607094 0.0408652020405241
-1.13696934491936 7.75658530414858 13.8297941271602 0.0022236066014497 0.0408652020405241
-1.13876731079862 5.64283132553398 13.8222825555469 0.00222809818131842 0.0409126898071372
-1.04967500287113 4.46318490559629 13.786265322644 0.00224977984181222 0.0412401951002964
-6.49836746967347 -1.17023042481419 14.7565730927099 0.00225721621673241 0.0412706872977494
-1.40051839410459 3.40025451009048 13.7757835848617 0.00225613499633489 0.0412706872977494
-1.08143431532675 3.93009156578811 13.7699122709096 0.00225970380647944 0.0412809774595949
-3.22255218423619 1.2219205303865 13.7663927032114 0.00226184623658728 0.0412849499881594
-1.53980266422714 5.27315779770038 13.7893579158617 0.00228470104693891 0.0415606304950796
-1.28897915451036 12.2199759868821 13.7388612096061 0.00228998545210077 0.0416214559247503
-1.65847743115202 4.41672005075567 13.7297587657791 0.00230189686193731 0.041731852914598
-1.72246396821809 1.71398702924741 13.682937559051 0.00231333559164698 0.041903807799031
-2.11775673138267 3.21505943356472 13.6866686164737 0.00231843545679684 0.0419058889163607
-1.68424674295511 3.32820185745663 13.6648934251164 0.00232464416646558 0.0419124362382721
-1.46667940153793 5.84872677349755 13.7330011590694 0.00232553733032796 0.0419124362382721
-3.85075413665462 3.24644865418887 13.7992433992903 0.00233117666014738 0.0419145614417747
-1.4653432069045 3.50478099801877 13.647781776118 0.002335426909261 0.0419145614417747
-1.30042145483774 4.94593511201919 13.6553147411735 0.00233067303483095 0.0419145614417747
-2.42696540199626 2.68332987505963 13.6396841842892 0.00234114644241293 0.0419470073103009
-1.4680698877007 3.48919779533641 13.6388446853495 0.0023410813156358 0.0419470073103009
-1.66784676028929 9.19710546890956 13.7691891861397 0.00234986908113234 0.0420330627047918
-1.31870812082358 3.34471423271324 13.625841936153 0.00234933606995099 0.0420330627047918
-5.24092826536078 -0.0476882287055808 16.0538146551343 0.00236360925482809 0.0422436064069149
-3.73811534280114 3.8832076481956 14.3095213237162 0.00236950955837498 0.0422961088700981
-1.06684748178385 3.71677811870479 13.592756542739 0.00237049111119774 0.0422961088700981
-1.07024728253757 4.75467332034991 13.5875011738248 0.00237387149032214 0.0423212151728502
-1.27824043318908 5.43510811007758 13.545271049982 0.00240123643091825 0.0427380230156878
-4.97296524157156 0.46177788995237 13.5408973941034 0.00240409114885507 0.0427533522964301
-1.63245299285423 4.1589490885276 13.5357527729867 0.00241509273030687 0.0428424266227391
-1.08046030300892 4.72576980979164 13.5259362292311 0.00241388587084628 0.0428424266227391
-1.53750521053637 3.93302256221157 13.5168609378751 0.00241984953821696 0.0428913330959828
-2.23819008850712 1.7759849879839 13.5121547686755 0.00242294876334029 0.0429108027476129
-1.79641026049605 2.30725485092478 13.5013417405561 0.00243008688454402 0.0430017107366465
-4.50289385846313 1.66805285458929 13.5772644629329 0.00244542923353485 0.0432019116734942
-4.94576985602924 1.82215062300389 13.5237897934101 0.00246022840476041 0.043303223055242
-1.53399202527654 4.2292375479467 13.4545438323279 0.00246125933250991 0.043303223055242
-2.86765169825461 2.01233737079488 13.4324591424727 0.00247612915888418 0.0434934824492948
-1.83228536471735 1.87837958772781 13.4328899353823 0.002475838118885 0.0434934824492948
-6.76854134468887 -0.150806054186081 14.3570494353406 0.00248545231221168 0.0434997973660786
-1.42036210555728 2.45178762875873 13.4163354583676 0.00248705043999167 0.0434997973660786
-1.4090245601129 3.98317465003732 13.4198506355396 0.00248466475631834 0.0434997973660786
-1.22593200374371 4.95372843174994 13.4133255907408 0.00248909526681779 0.0434997973660786
-5.80973572572096 0.614077694664589 13.432398621223 0.00249380984867773 0.0435189095399441
-3.0277506746633 1.0802194807556 13.3674986482803 0.00252046822821365 0.0439126580751406
-2.26621882409559 1.74579773581923 13.3618271933973 0.00252438231859287 0.0439174657634988
-2.80083930469811 5.82324686065722 14.2736132370519 0.00252856249011841 0.0439465800045134
-1.41567207205187 2.52736787296957 13.3213330214527 0.00255253229974975 0.0442913917740557
-1.20325844339062 3.66115041084106 13.3128224741969 0.00255849417122255 0.0443589527002506
-1.82973962423433 1.96166114860004 13.2708848191787 0.00258810682549117 0.044727741407179
-1.1639454321234 3.98981138953235 13.2539292951255 0.00260019072841188 0.044828207839429
-1.47499783333886 4.16069628264691 13.2475170711608 0.00260477745552321 0.0448712145290011
-1.59099492022019 3.72250785813053 13.193053994952 0.00264411169346226 0.0454757525979832
-1.56383942880523 2.87111496539037 13.1687201484166 0.00266190586707856 0.0457084828913002
-1.02201898266624 4.66096455507827 13.162936795406 0.00266615512557793 0.0457448231826158
-3.34957332954429 0.487779223037681 13.1502286341225 0.00267551966666652 0.0458309232835145
-1.59574287593643 3.53313803920266 13.1301239538894 0.00269041178079819 0.0460137651218332
-1.46596925216351 4.67888455849872 13.1426677756887 0.00269371635107069 0.0460335733716438
-1.14494021387788 4.48188229304907 13.1151155721174 0.00270159089408439 0.0461313852750223
-5.77956187560326 0.840107332204997 13.9847455245504 0.00272275116788624 0.0464557233871569
-1.80592090970736 2.78084004940252 13.0322559283191 0.0027642767726186 0.0470519396367866
-1.64791158525183 5.38725069807975 13.0954819221562 0.00279766329236742 0.04739784611946
-1.63422324969016 2.94053391528153 12.9788948774505 0.00280552887499832 0.0474154277242624
-1.72769320363504 4.39599565887068 13.0199195332771 0.00281611914506508 0.0475195179419439
-2.95342194335654 4.23421255785181 13.4212591945253 0.00282280570107411 0.0475575128601228
-1.4772898742314 3.56783696844589 12.9080597688461 0.00286138506266659 0.0479438479992269
-1.41104899772443 2.95105389767702 12.9087032612563 0.00286087193671761 0.0479438479992269
-3.01261889716579 1.71694529557779 12.8968967344824 0.00287030337412638 0.0480182499726119
-4.82848738366942 1.11299388720296 12.9289663156603 0.00287919649093715 0.048128439225473
-1.10924161994579 4.26614075850975 12.8719614107307 0.00289033994947024 0.0482030489084668
-1.15524380612584 4.44974832696657 12.868332944395 0.00289326892288629 0.0482144044981681
-3.24330449064582 2.58361039152613 12.9527423905428 0.00290953576267455 0.0483270468907109
-1.34838651382279 13.1050007184969 12.8492557705183 0.00294366419920532 0.0487308641870486
-2.36804351832841 4.04042661595855 12.9109772490464 0.00296980309315989 0.0490703905539292
-1.81369245068799 2.83249426541501 12.7622825741971 0.00298039770966935 0.0492034852723121
-1.05601457680303 4.00312836678093 12.7490526919384 0.00299147679244484 0.0492388355852375
-1.35364113518184 3.8799238447886 12.7283292616185 0.00300892627712236 0.0494122832047805
-1.80851662498353 3.17414290362705 12.7154978750974 0.00301978904250346 0.0495148437267367
-2.31079797242015 4.53799672444787 12.8926292436 0.00304976204515612 0.0498538464805361
-1.64756446033123 6.27882064270459 12.8032263913184 0.00305347236006221 0.04987648263995
