-9.82478852014075 3.19244611572151 47.7279909788627 1.69304023060366e-05 0.0302588615214639
-6.69246127308359 5.55883676515372 57.2144861113976 4.83827320861279e-06 0.0302588615214639
-6.20995308737368 5.07422562566241 49.7968659246915 8.86343276962672e-06 0.0302588615214639
-5.87448995870589 3.25380697255069 44.2960351309807 1.08453425340525e-05 0.0302588615214639
-5.15158457789576 1.72162896031708 40.3353697602612 1.64397410829471e-05 0.0302588615214639
-5.13696203925787 5.70514148596712 49.6914826525858 8.26274456455776e-06 0.0302588615214639
-4.06465786233687 2.72728014511839 44.563465904986 9.55442379532863e-06 0.0302588615214639
-2.84850539659713 4.79956142548732 41.2168540392237 1.49792232855173e-05 0.0302588615214639
-2.38680209083198 4.32561564856417 41.7697180430168 1.36113836143799e-05 0.0302588615214639
-4.29006314396211 2.68383633906233 37.0180048293199 2.59617041576533e-05 0.04283082069763
-7.14242141212001 5.46805648249798 41.9003525035661 3.43410640272123e-05 0.0455759380936128
-6.79280955653027 2.10356182402779 32.2351778796798 5.52512887785674e-05 0.0455759380936128
-4.8615186368461 2.68303120673941 33.167415135709 4.78328539262506e-05 0.0455759380936128
-4.36868476309132 4.92667173386898 35.9674745133862 4.1500501685229e-05 0.0455759380936128
-4.32756541180035 2.87375033684385 32.4924807863084 5.26061210827465e-05 0.0455759380936128
-3.60436826203551 4.79635575160705 33.7815937591823 4.61730438100112e-05 0.0455759380936128
-3.05598494118582 2.55001017616452 33.5869618653221 4.3051859539572e-05 0.0455759380936128
-1.78305893387087 9.02994858101451 32.4890252923534 5.1019113739602e-05 0.0455759380936128
-1.44257136872192 8.67369843390381 32.3264739382758 5.23362276439318e-05 0.0455759380936128
-1.3482295621759 4.6658634076594 32.0086898341129 5.50248647579308e-05 0.0455759380936128
-7.37175028414073 3.12248840544057 32.2384027390143 5.98002766605612e-05 0.0462645463487044
-2.96995954265929 4.63073661505404 31.6213726096106 6.27404455193998e-05 0.0462645463487044
-2.20713289638935 3.87865745701055 30.9950749174749 6.4714710237382e-05 0.0462645463487044
-4.49999092612948 4.71032606532619 32.5999122934402 6.90576326006077e-05 0.046326517696879
-1.28309251038865 5.92010432596604 30.4020828059408 7.12815351329793e-05 0.046326517696879
-4.1283024680623 1.76234774996186 29.295973238867 8.56722614025392e-05 0.0471198802251853
-3.42077753947828 2.46309592011038 30.0475577720725 7.55698649641522e-05 0.0471198802251853
-2.75527088707386 3.82635524850407 29.4517402764769 8.43990890990708e-05 0.0471198802251853
-2.7166476614514 4.1237304894487 29.9898269658262 7.74982457577811e-05 0.0471198802251853
-2.34802871269713 5.00407626368598 29.3985151426837 8.56844933455601e-05 0.0471198802251853
-1.85736525108827 6.82003979002516 29.5698192109029 8.24254441051765e-05 0.0471198802251853
-7.0755529351144 4.6690044730218 33.4391293029349 9.10616989103968e-05 0.048825006413282
-3.66783391844424 4.33906313986575 29.0742766358275 9.91298017973927e-05 0.049788851782574
