-6.08311326565272 4.88616717694424 38.7274450469391 3.57393101861505e-05 0.0268094135319928
-3.73561986742056 4.23692780213343 46.9562197156241 7.55719339157056e-06 0.0268094135319928
-3.39104410745899 5.34085877484849 53.1416601262016 3.96396286861237e-06 0.0268094135319928
-2.76107647715075 3.18861664164792 36.1735273964289 2.93062030124337e-05 0.0268094135319928
-2.45292109883407 3.49147638729999 38.9914227665521 1.97129917442681e-05 0.0268094135319928
-2.34073288206276 2.85906113679994 35.2906069732639 3.33396998939153e-05 0.0268094135319928
-2.32622380429539 4.53090929246618 34.9077262750477 3.52831875101709e-05 0.0268094135319928
-2.22440228652546 5.30680132587151 34.9781935360992 3.52167020126002e-05 0.0268094135319928
-2.10719722108481 5.20634374750417 45.8273384029331 8.18677480213975e-06 0.0268094135319928
-2.05969813741965 5.17085150525979 42.8572716539738 1.1834673796796e-05 0.0268094135319928
-1.89197573118321 5.97090754954015 36.5454434458869 2.77761080395947e-05 0.0268094135319928
-1.7717045473237 5.88523088044949 54.1180283888996 3.20524180899803e-06 0.0268094135319928
-1.69453644405701 4.90982335206068 34.91782292629 3.52303055051432e-05 0.0268094135319928
-1.35786059685502 5.56638142566066 38.6122249563677 2.07669452215929e-05 0.0268094135319928
-1.33541239320016 6.20653579102674 41.3325790554484 1.44098809761633e-05 0.0268094135319928
-1.33205285622214 6.67889332113534 37.9271958971328 2.28382295848221e-05 0.0268094135319928
-3.21890320998685 6.63373273320996 34.1136301364346 4.80603401634917e-05 0.027272882038952
-2.20203794105807 5.34727502052556 32.0996235597433 5.52206018948145e-05 0.027272882038952
-2.09111132463386 5.01651451036746 32.0370689569939 5.47784542166377e-05 0.027272882038952
-1.88321420624445 5.94462599201401 32.3966294544579 5.17630710200771e-05 0.027272882038952
-1.86676345371609 5.82799712331859 31.8957671665524 5.60179643537934e-05 0.027272882038952
-1.8393355070413 4.47744745437516 30.1454148081336 7.43574532394392e-05 0.027272882038952
-1.69871002109328 5.09357407903158 32.9637458795422 4.73839955911357e-05 0.027272882038952
-1.68855929551637 5.26301503776233 30.3059340012276 7.24164488589097e-05 0.027272882038952
-1.6049128586943 7.76031304528485 30.2089422253052 7.35822612521866e-05 0.027272882038952
-1.54060045858747 7.07750682955967 32.2095181882779 5.33079134532241e-05 0.027272882038952
-1.52569406616634 7.09116665887175 30.7015196465123 6.78750402438644e-05 0.027272882038952
-1.46748282608912 5.80917360471433 30.5904561446811 6.91163808421905e-05 0.027272882038952
-1.36808211890944 4.94034584290884 30.4262814715192 7.09991080189645e-05 0.027272882038952
-1.36752625404382 6.76879686291408 31.7250563043567 5.75583792421084e-05 0.027272882038952
-1.26774921944522 7.73975861553045 29.6961635352707 8.01133756914241e-05 0.027272882038952
-1.24966852512217 5.83616066175072 31.3693754144072 6.09258078368349e-05 0.027272882038952
-2.12422299393637 4.40101899139361 29.1145026151698 8.83372161648582e-05 0.0275817281114721
-2.08162887907033 4.41204666711276 29.4783791269853 8.30856687089773e-05 0.0275817281114721
-1.46889024268219 5.63365137765373 29.2340834662517 8.65706821282789e-05 0.0275817281114721
-1.68772762890928 5.18327311300103 28.99691672567 9.01145204324978e-05 0.0276098017102254
-1.91369055367127 5.26873339516465 28.4700438670799 9.85963312199263e-05 0.0280338976580281
-1.64305471086619 5.52871695784807 28.6789449695876 9.5128740667152e-05 0.0280338976580281
-1.39862917179959 7.41981438134709 28.4262492371056 9.93414567077044e-05 0.0280338976580281
-1.25154132556636 4.94076267330789 28.5105784270486 9.79123545132186e-05 0.0280338976580281
-2.38956490650132 3.68244874132491 27.6197729050831 0.000114281439724531 0.0284612719401045
-2.15272038032736 4.80204616160189 27.4920996570866 0.000118107576941731 0.0284612719401045
-1.88654522884977 5.13753370672476 27.7202665193511 0.000112286521193276 0.0284612719401045
-1.52049746175426 5.83997231885899 27.8020800697929 0.000110691755567482 0.0284612719401045
-1.35184807130118 8.82165354740017 27.9167159008417 0.000108500509212481 0.0284612719401045
-1.24649127886157 7.15430201383148 27.5682097009821 0.000115320722437135 0.0284612719401045
-1.75631517829302 4.89709868600877 27.3223098336656 0.000120427809656292 0.0286979470410944
-2.60628500085665 2.18513077568568 27.1208297177947 0.000124805395199594 0.0287817345252224
-1.47150140692837 5.56552262007595 27.1814521471461 0.000123469414745974 0.0287817345252224
-1.30565509423581 8.3549799738448 27.1971840060873 0.000123125394161881 0.0287817345252224
-1.52720414301835 7.15646985687957 26.9351463341599 0.000129001295228253 0.028819695612087
-2.21637006477427 6.05576323000121 26.5645665871772 0.000146932672833453 0.0289200638778282
-2.15525539754484 6.38423133674134 26.2583484664765 0.000154469535686323 0.0289200638778282
-1.79400815378492 4.11842906992688 26.4194902762568 0.000141524611302526 0.0289200638778282
-1.75046565862639 7.31735663113557 26.075997046161 0.000152145494762114 0.0289200638778282
-1.72278083862637 6.14456262256617 26.1052893869299 0.000149893347571427 0.0289200638778282
-1.41643775404351 5.56087476720553 25.7770578443233 0.000159116311725823 0.0289200638778282
-1.36433172224569 6.14945166645984 26.4051405389377 0.000141892460773277 0.0289200638778282
-1.32866207378835 6.27985109452922 25.9874508604709 0.000153093751962444 0.0289200638778282
-1.24664137106274 5.68105697530813 25.9510007869311 0.000154118241956088 0.0289200638778282
-9.40134239073821 0.854649273484181 28.4532847355702 0.00016526269579381 0.0297675349491205
-4.14266289194325 2.91656397388005 25.1713021884974 0.000188263399963224 0.0301659368619637
-2.51518044797852 4.53980028095616 25.5761020572224 0.000171357880899601 0.0301659368619637
-2.23614572418436 3.40152300573776 25.0268826848407 0.00018290404888712 0.0301659368619637
-2.03113527362651 5.80989853410148 25.0250572889399 0.000189724153163192 0.0301659368619637
-1.80657011730633 5.9438540635194 24.9227525514591 0.000189152913965389 0.0301659368619637
-1.78618895230001 3.88816563389026 24.9337187086043 0.000186132502268334 0.0301659368619637
-1.59788484713033 5.51111757753894 25.1080536415844 0.000180143255583022 0.0301659368619637
-1.51592976376363 5.27847954708721 24.9092435404355 0.000186991414424581 0.0301659368619637
-1.50226854952755 5.40711986890595 24.7253739386026 0.000193590722002681 0.0301659368619637
-1.47397583288789 5.40188350856243 24.6481503448846 0.000196441407130107 0.0301659368619637
-1.26589517896123 6.59731656468169 25.0767863391655 0.000181201046964059 0.0301659368619637
-1.32546391402277 6.1717585931123 24.5853935496435 0.000198793403191771 0.0302377455195313
-1.23650829362381 9.21042674032974 24.3911795669359 0.000206278509829496 0.030397514054072
-2.49836031441797 2.98321442253982 23.6385748478144 0.000238488640804079 0.0303995793429587
-2.10063785758979 5.8128798826775 23.4471936275044 0.00026188237044271 0.0303995793429587
-2.03094243464705 4.46587439515137 24.1677191651462 0.000215292206188417 0.0303995793429587
-1.74755369380854 6.50115930609703 23.2337049254358 0.00026251882646273 0.0303995793429587
-1.71760710272935 5.31240342427449 24.2196547723469 0.000213157813704004 0.0303995793429587
-1.71550537415051 3.99134058704471 23.2818264887069 0.000255739817853461 0.0303995793429587
-1.70117379491677 4.73993848205417 23.2238108972624 0.000258677988575184 0.0303995793429587
-1.68213260579495 3.83449701801479 23.4608865344635 0.00024690904351924 0.0303995793429587
-1.67676789536524 5.39165163007904 24.3011059725057 0.000209858916616699 0.0303995793429587
-1.59121343891399 2.98847702585943 23.6673117120206 0.000237157890045411 0.0303995793429587
-1.56554871425769 5.80660113841682 23.6630042416035 0.000237356819460904 0.0303995793429587
-1.48941061529886 6.08947546465053 24.21823498249 0.000213215840349168 0.0303995793429587
-1.48841049113288 3.55457191535967 23.8695292781217 0.000228029834133344 0.0303995793429587
-1.48243347776666 6.70937422824853 24.0285644912216 0.000221132417179351 0.0303995793429587
-1.48004541922851 6.35337007420331 23.9952610501995 0.000222556843380829 0.0303995793429587
-1.45830079187584 6.54046641566954 24.1838682280987 0.000214625925246198 0.0303995793429587
-1.44709251812735 6.66794421302831 23.1755831591821 0.000261149837334957 0.0303995793429587
-1.43626712130097 4.38677412270267 23.0388334073561 0.00026830681950665 0.0303995793429587
-1.43397812512977 4.15862081391709 23.2929218361249 0.000255182252836204 0.0303995793429587
-1.34494452675361 6.0419618752981 23.2074536874766 0.000259513347795697 0.0303995793429587
-1.33700252382653 7.71955070340924 23.5060926187137 0.000244735017297593 0.0303995793429587
-1.30469764726827 5.48869461229194 23.4753684129647 0.000246210196071464 0.0303995793429587
-1.30017753233462 4.94579830101138 23.0641590726121 0.000266964625772973 0.0303995793429587
-1.27979216294453 3.7234996239468 23.0598629433318 0.000267191768090147 0.0303995793429587
-1.21307598646946 6.01873238607038 23.2464887447949 0.000257524912832712 0.0303995793429587
-2.21470401421623 3.00735426179801 22.8624071387443 0.000277873812372909 0.0304059166018458
-1.34101555111582 5.6929963540164 22.9343281996945 0.00027392747869746 0.0304059166018458
-2.95955029927489 3.5349012405672 22.1911297903123 0.00032837902342068 0.0304982248224669
-2.59722087726232 3.14648410862712 21.937822669322 0.000334854388934838 0.0304982248224669
-2.46914026973272 4.23030089790805 21.5223847875631 0.000381101511984464 0.0304982248224669
-2.35106874431509 5.03296644216346 21.7596876896505 0.00036863939866021 0.0304982248224669
-2.14127257302982 3.51721119284748 22.1785042236217 0.000318830620974219 0.0304982248224669
-2.12746588003305 4.23066821543629 22.1021693285678 0.000325503898382034 0.0304982248224669
-2.06000817031915 3.50599000021412 21.8782739138794 0.000338959699582771 0.0304982248224669
-2.03785404885201 4.96404644399408 22.4710288962158 0.00030904545914776 0.0304982248224669
-1.96685698068772 6.41019868655168 22.549666626965 0.000310971112392259 0.0304982248224669
-1.95787032539495 4.09025109464507 22.411414533496 0.000304153329863825 0.0304982248224669
-1.92793312227924 4.16182191236621 22.6422560739107 0.000290363343502197 0.0304982248224669
-1.91697476508372 3.20225926182641 21.271025904552 0.00038427866512463 0.0304982248224669
-1.90353254651676 6.21610221184922 21.5566883874784 0.000379842186498873 0.0304982248224669
-1.88335308810894 5.51056102976118 21.9747190601345 0.000341545618690056 0.0304982248224669
-1.85598386019802 6.57571631969835 21.9738711480673 0.000343117589304676 0.0304982248224669
-1.75570439536144 4.70057040855569 22.1684207560568 0.000319484097051796 0.0304982248224669
-1.73025993047681 5.33019299963062 21.8468432516065 0.000343742943152115 0.0304982248224669
-1.71979443951045 4.63262740572866 21.2561180194844 0.000385475306956008 0.0304982248224669
-1.70468875031911 5.51646179744673 22.1015744845752 0.000326592802574078 0.0304982248224669
-1.70260788704404 7.65632888599748 21.8576589324595 0.000347879213653003 0.0304982248224669
-1.66009571244202 3.10570477963154 21.8545243044839 0.000340613026702291 0.0304982248224669
-1.65916855316577 5.1957086988703 22.2627470225459 0.000313430408057526 0.0304982248224669
-1.62864002501938 8.59299811561337 22.289983756853 0.000314365434374337 0.0304982248224669
-1.62101255883813 4.64065031195618 21.4773952406624 0.000368142219958381 0.0304982248224669
-1.61859554175957 6.08608466320136 21.7287900332073 0.000352423317108944 0.0304982248224669
-1.6090666083177 5.96481889455349 22.362188901732 0.000307330021391238 0.0304982248224669
-1.58556099090167 4.97817153459892 21.8441257481459 0.00034133982079793 0.0304982248224669
-1.53654827805953 6.62629162681663 22.6239904726576 0.00029142807910425 0.0304982248224669
-1.49388394526799 4.02974762625797 21.7112693680687 0.000350783362501416 0.0304982248224669
-1.46925094881771 6.33361040039092 21.5456857575998 0.00036297401980116 0.0304982248224669
-1.45473247009321 5.55727019278993 22.2013718593269 0.000317354296976174 0.0304982248224669
-1.35591253724208 5.59683197299045 21.8725999187034 0.000339353858941817 0.0304982248224669
-1.32642346262954 4.17356995605441 21.356253585061 0.000377518490816275 0.0304982248224669
-1.31317501298768 4.77524034336945 21.879452639952 0.000338877881847563 0.0304982248224669
-1.29146006486684 6.27178325842914 22.5400656217859 0.000296377906765916 0.0304982248224669
-1.22661418106665 4.21282786597533 21.3424976436863 0.000378600342145651 0.0304982248224669
-1.21881811509392 4.39576677583227 21.5585725748914 0.000362008077162164 0.0304982248224669
-1.21206725076919 6.30779862217011 21.4841483685036 0.000367627416229434 0.0304982248224669
-1.17826675534256 5.58952584534345 22.1712162907539 0.000319302774512584 0.0304982248224669
-2.082273615819 5.17685358119441 21.4082469048265 0.000391310522015918 0.0305836934066871
-1.66635814408035 5.62971753059489 21.2199678502118 0.000391539948796483 0.0305836934066871
-1.22767646507384 5.89795730383319 21.1305108922367 0.000395728547115431 0.0306317274732886
-1.97418397897653 4.03906165461887 21.0883280399254 0.000399241566512903 0.0306900855806532
-1.74425366802074 5.8808044144759 21.123489746154 0.000405077110589864 0.0307794216391268
-1.20620480488041 5.07089457827428 21.006665402925 0.000406144277701912 0.0307794216391268
-2.39671514535825 2.61664579349453 20.8167218009714 0.000422733835584203 0.0312099021070409
-1.23249827425261 6.3648555009278 20.8270404542411 0.000421812962133597 0.0312099021070409
-1.63804547518493 6.14557462995328 20.7966959415193 0.000429766842409387 0.0314580527957478
-2.60475124452333 4.31623635016387 20.866902739032 0.000439717485401919 0.0317559303658245
-2.08442790685303 5.12685549608589 20.847819845879 0.000439755371244137 0.0317559303658245
-1.77983554244369 7.09757373962807 20.7426083090166 0.000442436681364609 0.0317559303658245
-1.17819311077053 6.6576345225034 20.5813834694012 0.000444373267284497 0.0317682448781687
-1.71235793307811 5.80592835990952 20.6532829166803 0.000446688540590204 0.0318276715283658
-1.75832841151656 4.99549880706323 20.5520782173454 0.000449433876966262 0.0318455237023189
-1.73043320232268 5.46195074432698 20.5533873345994 0.000452478602932115 0.0319220677535693
-1.35880370605762 5.42037807816475 20.4791783075877 0.000454163443828897 0.0319358799337651
-1.25751772522873 5.71574724955592 20.3746907430667 0.000464427984314344 0.032027610866848
-3.93345357734337 3.24644865418887 20.1179935344569 0.000520991262810285 0.0323252728001357
-3.34227572074457 3.17237936620365 20.282211394875 0.000495399337968203 0.0323252728001357
-2.5799479224168 2.52797999544984 20.0811169579677 0.000494716969162868 0.0323252728001357
-2.15133051290745 2.43461940695483 19.9642009041901 0.000507403750186852 0.0323252728001357
-2.12205350404261 4.40880845092705 19.8165712573573 0.000534328061755424 0.0323252728001357
-2.10948948130447 3.39868960201466 19.8415473258678 0.000521114580773787 0.0323252728001357
-2.01766752086293 3.71488460843479 20.0131303667139 0.000502049596517844 0.0323252728001357
-1.88988050886128 6.02979573980604 20.121442136986 0.000512659197966886 0.0323252728001357
-1.80610068297217 4.53149716017912 19.565425788636 0.000553559748777536 0.0323252728001357
-1.75950533758927 4.98795044316039 19.7510456902778 0.000535488186280242 0.0323252728001357
-1.63494133344144 6.423009445891 19.8032569718435 0.000535873704445334 0.0323252728001357
-1.60430478013038 5.17371757325414 19.6938367178618 0.000538192129045783 0.0323252728001357
-1.60021481132844 6.35818617095002 19.5717766218521 0.000559177330575388 0.0323252728001357
-1.59129428057606 5.07029900646737 19.6166866344698 0.000547365698583456 0.0323252728001357
-1.58802495788751 5.35705056193042 20.1681791045638 0.000485505057450995 0.0323252728001357
-1.56240665341522 4.26519765095129 19.5717875440284 0.000552786693671473 0.0323252728001357
-1.54996820542503 7.98742427502118 20.1610407475642 0.000489980640153723 0.0323252728001357
-1.51981175900965 5.27211149310686 19.7169416752203 0.000535479116756153 0.0323252728001357
-1.48306005805194 5.78806065411506 19.5344283526848 0.000557344162079705 0.0323252728001357
-1.46794639298137 6.35728775173699 20.2447017704563 0.000477569956792834 0.0323252728001357
-1.42168868835761 4.00045399391822 20.1522114506274 0.000487179785703529 0.0323252728001357
-1.38429465654844 5.57249502481882 20.1539789411538 0.000486994082117111 0.0323252728001357
-1.32729394081049 4.7496419551567 19.9639823444769 0.000507427812297613 0.0323252728001357
-1.29065333013947 6.82043462291382 19.8524285968655 0.00051988124426652 0.0323252728001357
-1.28645464202168 5.45766928558451 19.8971777203543 0.000514844118951085 0.0323252728001357
-1.26016408551335 8.02652600963134 19.8893814570465 0.000515717667190557 0.0323252728001357
-1.51180617781863 8.11833184471599 19.4850198577263 0.000567600393911087 0.0323758660856678
-1.35086581748546 6.49375984463953 19.4654436807049 0.000565873017373955 0.0323758660856678
-1.32365585553475 6.56631877924701 19.4871114314972 0.000563178173301578 0.0323758660856678
-2.08768098239688 6.48764833343993 19.3703168009819 0.000611977590550694 0.0325068291292338
-1.95623017157947 3.48597363484054 19.1368112936452 0.000608608191768707 0.0325068291292338
-1.90406675644981 5.18158033389919 19.4918712398297 0.000578530175127961 0.0325068291292338
-1.75399953788027 4.01158869757935 19.1981032234869 0.000600365312247721 0.0325068291292338
-1.74479839373717 3.70053580683087 19.1412626431899 0.000608005210430583 0.0325068291292338
-1.64942144188114 3.84319548130226 19.120099948488 0.000610878026685979 0.0325068291292338
-1.62393326257406 5.52530296909672 19.3529179254033 0.000584361535691179 0.0325068291292338
-1.59764965973835 5.73308191551826 19.4439885756072 0.000574744067669464 0.0325068291292338
-1.58644906067845 3.92440108298089 19.3735422080568 0.000577468006979554 0.0325068291292338
-1.55998382610167 4.32561564856417 19.1226932470751 0.000610525155651951 0.0325068291292338
-1.53507685945423 5.51138699582531 19.1953389398466 0.000600734308222945 0.0325068291292338
-1.46789266999882 6.27869665198568 19.2294992782863 0.000596424031524924 0.0325068291292338
-1.34157716562425 5.88353870295187 19.1469455442401 0.000607236395204017 0.0325068291292338
-1.33434600779117 5.9948817106708 19.2980697649203 0.000587193615543899 0.0325068291292338
-1.34903883077604 5.21697960951233 19.0673118590512 0.000618111858834716 0.0325616599317133
-1.99592616987471 5.29304136144334 19.0940981494814 0.000642865958629193 0.032593058980328
-1.8856455571532 3.62786030261381 18.7932884589382 0.000657273578639849 0.032593058980328
-1.78884081338747 4.91902115504283 18.9657450429815 0.000639368626085382 0.032593058980328
-1.65749563034002 5.7414546576716 18.8604858256487 0.000659550874129824 0.032593058980328
-1.6425344871247 4.80795979008487 18.8286196793246 0.000652068263424042 0.032593058980328
-1.49000304786418 3.97094620518051 18.965083065099 0.000632401146828312 0.032593058980328
-1.45432754429223 5.48869643917884 18.8132126459426 0.00065433234874904 0.032593058980328
-1.17917056984512 5.53926422021156 18.8200224235312 0.00065333053551707 0.032593058980328
-1.23846088139033 4.89503440901582 18.7431916141189 0.000664735967505194 0.0326986061813851
-2.11943920310927 2.69600035207355 18.7244129303963 0.000667558157904435 0.0327622879006325
-1.85325231198861 4.66078027726612 18.7391471944977 0.000672296830064811 0.032844533290205
-2.2505833057086 2.28364773046784 18.6607954500976 0.000677221381104859 0.032940877708482
-1.49535854409879 7.1121091973658 18.6906480344196 0.000677415416410236 0.032940877708482
-1.78963920050349 4.17755795846597 18.6083908655455 0.000685301693713688 0.0329890578547607
-1.40093544338332 6.2752785473785 18.5879313655933 0.000688486248024685 0.0329890578547607
-1.38721753317185 4.23912215232669 18.5894500861439 0.000688249276046222 0.0329890578547607
-1.52846540854056 4.43630698394789 18.4724546665172 0.000706780896871033 0.0332419515245462
-1.30290996817323 4.61363304666841 18.4527659375871 0.000709955295645587 0.0333181864895206
-2.11546511631292 5.48592935370487 18.659874649319 0.000715693514579516 0.0333196672523227
-1.59350807021838 3.55663888385871 18.3856288924477 0.000720903003425999 0.0333196672523227
-1.44551033225241 5.48637187540055 18.4250715682862 0.00071444807662336 0.0333196672523227
-1.34668971820361 6.39605631095196 18.3764452050323 0.000722415502043646 0.0333196672523227
-1.86332135267865 5.63358019093602 18.4642347953572 0.000737289782943362 0.0333608914036064
-1.84631596384128 4.93610765994786 18.4492728858863 0.000726797346034739 0.0333608914036064
-1.48066081505915 8.16453512738645 18.3233813943601 0.000737223321075271 0.0333608914036064
-1.40077552823309 4.42092568582385 18.3565112332672 0.00072571101424051 0.0333608914036064
-1.21811103220136 4.09182810672885 18.2205063769044 0.000748659971322271 0.0335910259517756
-1.47789244599262 4.82554386333816 18.1832464925347 0.000755091156014312 0.0335984232843132
-1.94176622637459 5.17798475568379 18.3220584062025 0.000761334843539456 0.0336158277498385
-1.73137690031838 7.06661256601368 18.3196381843308 0.000761751866760923 0.0336158277498385
-1.8464674244426 6.29389403230795 18.2992834187903 0.000767863504814015 0.0337441471894258
-1.72398795614404 4.97600698019705 18.1278837297156 0.000772888252910071 0.0338288456329843
-1.37974179405118 6.67132844725921 18.0103733326594 0.000785768633306841 0.0340292143629572
-1.26012576537679 5.60938912154308 18.0216193510915 0.000783730140552998 0.0340292143629572
-2.24604143759314 4.98385914480076 18.1565253191329 0.00080142908848182 0.0343764993213392
-8.71044581155993 0.408441664831374 19.3021816930831 0.000831415457528128 0.0346295658668601
-2.56275206805206 1.67112168663363 17.8093934978223 0.000823241620101846 0.0346295658668601
-2.4892640735061 5.43787547804777 18.2035778394486 0.000854417703417808 0.0346295658668601
-2.33881784469974 3.83929326726536 17.7071696690907 0.000861530235837626 0.0346295658668601
-1.96310507587111 4.31147057333845 17.8289728843076 0.000828048344003673 0.0346295658668601
-1.88385509394911 2.99197312679971 17.8598403027974 0.000813647092379005 0.0346295658668601
-1.85283378654064 3.96590958196726 17.6691172520592 0.000850608547575082 0.0346295658668601
-1.84818169634627 3.260422748427 17.7395377424478 0.000836742029834306 0.0346295658668601
-1.76128702504132 4.83418985338806 17.7772447328002 0.000838044777623794 0.0346295658668601
-1.69730139568439 5.39835561175732 17.8091494502656 0.000841418850388284 0.0346295658668601
-1.6661034454718 6.05324244666455 17.9262895731861 0.000821891451348852 0.0346295658668601
-1.59973522187458 5.14023722082579 17.7327985880743 0.00084169152318605 0.0346295658668601
-1.57638302608965 4.46220917343126 17.6790105207023 0.000848644679845631 0.0346295658668601
-1.49701411889122 7.28875932257829 17.6856866497042 0.000856078899582962 0.0346295658668601
-1.40190590918517 4.10991051823476 17.6651815540514 0.000851391250203186 0.0346295658668601
-1.29616137939354 4.76715943279092 17.6753043233957 0.000849379771974909 0.0346295658668601
-1.98544760038977 3.8052053971446 17.5519401400855 0.000874268735066492 0.0346305103899166
-1.49412128603975 5.36011697751356 17.5513338620469 0.000874393096247716 0.0346305103899166
-2.08901284557799 2.77267090127631 17.3760668469628 0.000911208043333604 0.0349096940473534
-1.82648505230697 5.19122677423284 17.5013593562319 0.00090694904611052 0.0349096940473534
-1.8045265050504 4.86150002700879 17.5068491863338 0.000898817553415568 0.0349096940473534
-1.69504250573764 6.73435649056411 17.5398008758826 0.000910865370436217 0.0349096940473534
-1.47533079049539 5.29205763036213 17.3776488934125 0.000910867896796344 0.0349096940473534
-1.35507955820601 4.11425398695887 17.380430386961 0.000910270216336858 0.0349096940473534
-1.17548398979395 4.38328093850967 17.3934144302276 0.000907486166332851 0.0349096940473534
-1.6344794742771 4.87399550448794 17.3139494059743 0.000926164567874898 0.0352188856156258
-1.46973768484797 6.48515977684656 17.3361798170633 0.000929127319849961 0.0352690152722515
-3.67908693166867 2.02765370942537 17.1538686226322 0.000960458159439192 0.035284445335363
-2.19051477022472 5.94767444637002 17.4441153331821 0.000975607343010056 0.035284445335363
-1.93456048939863 6.38767670681321 17.3492988277845 0.000964761561495673 0.035284445335363
-1.7830181992926 3.12889043816099 17.23535437944 0.000942051435995534 0.035284445335363
-1.77905047694865 2.98346001560246 17.2518913108769 0.00093836538304408 0.035284445335363
-1.76909230605163 5.52964715047656 17.325251511661 0.000957583197047 0.035284445335363
-1.72552848986151 5.24410863966096 17.2689740491537 0.000954453656231319 0.035284445335363
-1.70458614759448 5.42981645029758 17.2242145575402 0.000964575562228988 0.035284445335363
-1.62694474433103 3.90925878294837 17.110134942242 0.000970506626362946 0.035284445335363
-1.56129073007256 3.91482636210516 17.2635790247131 0.00093577016443446 0.035284445335363
-1.45301606419486 3.8096168267484 17.1440994441566 0.000962692407403823 0.035284445335363
-1.40917991823105 5.75932007401704 17.1983909525199 0.000950350578274178 0.035284445335363
-1.37148368394444 3.41826579855565 17.1038036668131 0.000971971275988474 0.035284445335363
-1.3103097814671 5.81796869733066 17.1382823131336 0.000964025631850721 0.035284445335363
-1.23780491595688 5.59194755687797 17.0770163811061 0.000978196182269665 0.035284445335363
-1.19580051329319 7.1956097608214 17.0535885036524 0.000983677835650105 0.035397547887899
-1.30857836075222 5.83043911237851 17.033014264502 0.000988520797705426 0.0355122370994778
-1.18341720383573 6.08715684046789 17.0240045154753 0.00099065018464973 0.0355292215889344
-1.61649609334894 5.05847143989563 17.0326803595158 0.000994891146495179 0.0355623840314702
-3.4627992578738 2.02170893500805 16.9409793828987 0.00101052155568588 0.0359413860776038
-1.87282095924613 4.08071358965357 16.9074465326561 0.00101943937060106 0.0360415285580555
-1.65993962457293 4.76816047680374 16.9189072166661 0.00102005911478247 0.0360415285580555
-1.53630438546853 4.75082646977677 16.9112658477054 0.00101774377905158 0.0360415285580555
-1.45452087855397 7.17589869442553 16.934127245057 0.00102214273929983 0.0360557488976373
-1.19852281255325 5.45108658081561 16.8590537303433 0.00103057811190918 0.0362341127313381
-2.57426526545282 3.22642468586983 16.865076006654 0.00103916884858719 0.0362391126758527
-1.80142054583976 4.11216426781009 16.8364963593963 0.00103618019123188 0.0362391126758527
-1.51331930810622 6.21996517201897 16.8952920241404 0.00103858216979416 0.0362391126758527
-1.81471380646501 3.7207666091436 16.801398467803 0.00104496612131638 0.036349012010558
-7.86274360802719 0.477301158240203 18.1245513760589 0.00106033001741912 0.0365022437938811
-2.26718140881626 5.29937215435804 17.0385277980874 0.00105802664476144 0.0365022437938811
-1.72143375820327 5.17332858502141 16.8271364734809 0.00105996350862459 0.0365022437938811
-2.32348350479685 7.38982198094699 17.1809705807703 0.00108531761257199 0.0367722066932565
-1.6327192832553 5.66452420814648 16.7322090096444 0.00108434050818814 0.0367722066932565
-1.53449438041101 6.6908900148066 16.7407076450846 0.00108213210365393 0.0367722066932565
-1.29572351351646 5.59453006436491 16.6616146443667 0.00108081391581619 0.0367722066932565
-2.61336473206292 3.60112090514664 16.7571405793759 0.00109516105796636 0.0368085398718244
-1.81934019370304 6.11513563539671 16.8078691103335 0.0010957545185355 0.0368085398718244
-1.36028695268946 6.73150247012268 16.6404426834414 0.00108823839858009 0.0368085398718244
-1.29879879366533 6.72489080283446 16.6229096034089 0.00109098728010962 0.0368085398718244
-1.71785600907369 4.99612137533056 16.581049740292 0.00112076232160051 0.0368665483303163
-1.59232174845971 4.61039741426173 16.5205272639828 0.00111843040639543 0.0368665483303163
-1.39543022017146 5.27580776378368 16.5511227318459 0.00111014750844364 0.0368665483303163
-1.26277911820485 4.71227096695672 16.5130206769467 0.00112047340330735 0.0368665483303163
-1.24564031770796 4.26175397136221 16.549727114133 0.00111052380270511 0.0368665483303163
-1.22207210973724 5.57679762567918 16.4870749309646 0.00112756777807833 0.0369205284525893
-1.30110560021313 4.66862530604408 16.4647172004136 0.00113372233673592 0.0369807770641376
-1.92950169095494 5.69083179078572 16.6220182520433 0.00114534334083393 0.0371621461889036
-3.23362353643788 2.45281701475992 16.4171174880551 0.00115784997680452 0.0371742641504887
-1.9344856919048 3.80449674432944 16.4082333680454 0.00114981712443718 0.0371742641504887
-1.51648178400253 7.08777272422997 16.4746574240902 0.00115378124884668 0.0371742641504887
-1.40084584832293 4.29105492431077 16.3839146156817 0.00115628819385706 0.0371742641504887
-2.40728908930049 5.10859741982292 16.716267725342 0.00116561702549967 0.0372187370707303
-1.89213304910205 2.5073987163034 16.3356342203507 0.00117001674540081 0.0372187370707303
-2.30527420511095 3.13751710450167 16.2135732510047 0.00120556486183148 0.0373320206969812
-1.86106514925448 4.82472128141627 16.2993373583753 0.00121933253951618 0.0373320206969812
-1.70695196119696 3.04674025073323 16.2225820623634 0.00120289935113386 0.0373320206969812
-1.55060132428448 5.32384773616274 16.3293354272301 0.00118288582325423 0.0373320206969812
-1.54467727102194 5.54213428030775 16.2283580645933 0.00122020546037133 0.0373320206969812
-1.40388623439669 6.80285419730495 16.2376938605976 0.00120910656798868 0.0373320206969812
-1.29129180678398 5.37406574633709 16.230792539308 0.00120047592438122 0.0373320206969812
-2.28697956562401 2.61911360840063 16.1385330842535 0.00122803223958627 0.0373608453903139
-2.05098233258579 3.28320088251225 16.1306270676872 0.00123042712206753 0.0373608453903139
-1.97557615133895 4.85235254398633 16.2469240125046 0.00124179931871441 0.0373608453903139
-1.85244073402736 4.6391673643392 16.0905655194841 0.00126702596125623 0.0373608453903139
-1.79988324700412 4.71062049108795 16.2220825852033 0.00122687329454912 0.0373608453903139
-1.72609315093838 3.19757483702601 16.1000262802152 0.00123974720955411 0.0373608453903139
-1.66234700767557 3.9051571186205 16.1211483132008 0.00123330546703734 0.0373608453903139
-1.58646208856192 3.72477689638619 16.0173506832434 0.00126533453085691 0.0373608453903139
-1.57918332363637 6.33516664675439 16.2396648726678 0.00122550576272546 0.0373608453903139
-1.57010600367233 6.0200861068591 16.0807754430637 0.00127387313933982 0.0373608453903139
-1.37677234458095 3.6316959983024 16.0835774432143 0.00124479041502641 0.0373608453903139
-1.37623707765719 5.34173385579704 16.0576974434285 0.00125277282737694 0.0373608453903139
-1.23029895107681 5.82748848570247 16.0677969097282 0.00124965080243835 0.0373608453903139
-1.21173833285741 3.48218686549145 15.9644240424111 0.00128203214226058 0.0373608453903139
-1.36197271073007 5.75898722268321 15.9482384136223 0.00128748686789279 0.0374156244657136
-1.7633954861382 6.20898137636083 16.1033786459041 0.00129301337055624 0.0374240995388931
-1.79993036913767 4.66481295597498 15.9949009144853 0.00129717987152104 0.037484202300372
-1.74118570680803 4.23726080211404 15.9085781811111 0.00130033321730204 0.037484202300372
-1.90653323299304 5.46608577104967 16.0437440898875 0.00131693608414785 0.0374857286437256
-1.55327706527695 3.92469225977696 15.8334796868726 0.00132443848825846 0.0374857286437256
-1.18366434112624 4.86471525115913 15.8573746745292 0.00131658173129345 0.0374857286437256
-1.75170609120027 4.6496616157514 15.8610669371177 0.00133564940179837 0.0374948895947162
-1.63546630253167 4.3737388421526 15.7943598830758 0.00133741737958493 0.0374948895947162
-1.4503985983702 4.18429255757942 15.8115421651583 0.00133169891447743 0.0374948895947162
-1.20173234070974 6.51837532669753 15.8247744430337 0.00132731413254079 0.0374948895947162
-2.71396014169612 2.49116188070039 15.6966010617471 0.00137049265012736 0.0378287720299633
-1.93326976804751 3.99049769521973 15.7564478612868 0.00136237013635866 0.0378287720299633
-1.49984156114271 4.12013270273316 15.7208079120177 0.00136221621468151 0.0378287720299633
-1.48913526658364 4.37243749310419 15.7000766501631 0.00136930079802534 0.0378287720299633
-1.38970960202963 6.24857778847874 15.7362307749012 0.00136634213358076 0.0378287720299633
-8.76472163194944 1.17053930361999 16.9184372171672 0.0013911066995109 0.0381559400284882
-1.57275599087602 5.13828525023703 15.662592939723 0.00139465770617814 0.0381684741084778
-1.55990206167165 5.68438763438759 15.6511800146888 0.00141251807801924 0.0381783602452331
-1.45673117411613 5.49418880799659 15.6052048112193 0.0014121326534655 0.0381783602452331
-1.44040507991349 5.72210862342152 15.6026979315264 0.00141572064266252 0.0381783602452331
-1.34483099887767 5.97888563387545 15.594000376736 0.00141014864091522 0.0381783602452331
-1.85640024784486 3.50785235857138 15.5229294801315 0.00143158913087018 0.0382357311205141
-1.7869963288604 4.86251268820729 15.6325738572672 0.00142341450409975 0.0382357311205141
-1.73142794796475 4.13217013151203 15.5384847995739 0.00142599152135607 0.0382357311205141
-1.43771983677189 5.66737581063524 15.5513590363127 0.00143406513052969 0.0382505703575535
-3.42719379138518 3.14915919332748 15.6490614419717 0.00145103316671198 0.0383392992501362
-2.7253450132715 2.28311678712874 15.314285394135 0.00150915530203772 0.0383392992501362
-2.56008583122846 5.60195103089958 16.0597878462817 0.00146561777081539 0.0383392992501362
-2.1305392436937 4.20238800224012 15.4593155236684 0.00150366004401106 0.0383392992501362
-2.02329540414354 4.36518547851571 15.5981573673802 0.00144994276647253 0.0383392992501362
-1.86834416210538 2.28781337640317 15.4544347262105 0.00145653828554025 0.0383392992501362
-1.84380277248751 4.68992535791585 15.3906032109975 0.00151233492635871 0.0383392992501362
-1.83046932670792 7.06166089574098 15.4826965946056 0.00151220842985942 0.0383392992501362
-1.71804612857144 3.72914632980477 15.3431171670642 0.00149815536614979 0.0383392992501362
-1.62463189947572 3.78340845860297 15.335463613827 0.00150106638273525 0.0383392992501362
-1.60056183055484 5.47983250566859 15.3989654771168 0.00150465058430742 0.0383392992501362
-1.52361315011159 4.42947037110025 15.3370671715947 0.00150045593616289 0.0383392992501362
-1.47075285340228 6.45016249641772 15.4689535783216 0.00147841127215494 0.0383392992501362
-1.43809772519939 4.62465829579794 15.3396641058527 0.00149946793129952 0.0383392992501362
-1.41174665854231 3.74193697108013 15.4850378556072 0.00144533010131144 0.0383392992501362
-1.41097955901386 3.56992497800938 15.4923218718337 0.00144267695127156 0.0383392992501362
-1.39859763347134 6.03428591808318 15.4246384775762 0.00147985374686809 0.0383392992501362
-1.29285223896862 5.3604944556366 15.4593754024216 0.00145472207893654 0.0383392992501362
-1.20128595248639 4.07302106478196 15.3243363235795 0.00150531019097194 0.0383392992501362
-1.18161874963528 4.96617939857988 15.400083452442 0.00147669030876813 0.0383392992501362
-8.04872707642903 -0.230393609870349 18.254480140156 0.00153596295157437 0.0383869056654302
-1.96415133163019 3.51389419875023 15.2868130572254 0.00151972270953258 0.0383869056654302
-1.88779030512391 4.01817257283784 15.3079719398642 0.00152482428000201 0.0383869056654302
-1.8031951928954 4.56824312273895 15.3515583328448 0.00152272741139802 0.0383869056654302
-1.74823547410558 6.12892870600627 15.4379462758346 0.00152916595544963 0.0383869056654302
-1.72555938748125 4.99235561802054 15.3493384073489 0.00152812670808399 0.0383869056654302
-1.68953580752881 3.45574027626572 15.2447928882453 0.00153605038071242 0.0383869056654302
-1.23331427364591 3.88494882910213 15.2405926013422 0.00153769349064868 0.0383869056654302
-1.90158763920061 3.08340520015107 15.0912299564968 0.00159745234738523 0.0388224248991513
-1.73896314200151 5.06012242413899 15.2687941688559 0.00157460453388222 0.0388224248991513
-1.59908304084372 5.01452323883958 15.1671558945693 0.00158750610802368 0.0388224248991513
-1.55833573575269 5.73344892158965 15.1881970310031 0.00159163237178591 0.0388224248991513
-1.51427555851756 3.53480780985566 15.1481057357608 0.00157438857744767 0.0388224248991513
-1.47831583423431 6.43540406104289 15.1904237937689 0.00158605786791799 0.0388224248991513
-1.6276564564324 5.46809698097869 15.1464725060721 0.00160856580825985 0.0389378226746604
-1.29855058427081 3.44311345885081 15.0532911835604 0.00161305209298531 0.0390023993666921
-1.6503330205175 3.51926745512805 15.019860021653 0.00162694312722345 0.0392497741839836
-2.00725933380969 6.82850161351368 15.2484551158586 0.00164988369173107 0.0394310065857738
-1.57230797883358 5.2532634404263 15.0079815204403 0.00165651778494811 0.0394310065857738
-1.41854258563645 8.89560757861287 15.0145921794915 0.00165270655352812 0.0394310065857738
-1.49680582265251 5.27127968359595 14.9708781527489 0.00166161346483086 0.0394650612303314
-1.43195104327885 6.26421598801344 14.9726069918826 0.00167055128378882 0.0394650612303314
-2.23468864674884 3.53544727241406 14.909912881072 0.0016976106139351 0.0397067596530856
-1.27333306789258 3.67992428352261 14.8502222709412 0.00169957594822272 0.0397067596530856
-1.73632801580395 4.24814725522232 14.8630490461804 0.00170317339200311 0.0397475078762684
-2.11784666663623 6.33799139039963 15.2152818459069 0.00171876954076292 0.0398944267756952
-1.91912142755421 5.26167593014968 14.9796700029813 0.0017160018902025 0.0398944267756952
-1.68035782479948 5.07397893186863 14.893829108346 0.00171562314821136 0.0398944267756952
-1.44621934761869 5.15224931725298 14.7766043703954 0.00173834416538501 0.0400884594785079
-1.33444753967447 4.6390714290505 14.769657008314 0.00173536730994098 0.0400884594785079
-4.50316104497796 2.15404922349663 16.0611812290538 0.00176181003355172 0.0402942917817419
-2.26852125395638 3.86060446847835 14.7856288554175 0.00176395635583099 0.0402942917817419
-1.52945785483804 3.52716339303246 14.6726466128451 0.00177961579739144 0.0402942917817419
-1.49191863504829 5.80021001770052 14.7344976317637 0.00178226679395573 0.0402942917817419
-1.33278927353355 3.93576011032884 14.6730275902318 0.00177943951606588 0.0402942917817419
-1.19862433092293 5.72225222767786 14.6966662723112 0.00176854072792996 0.0402942917817419
-1.19298437221746 5.31356887912073 14.6585076967062 0.00178617215795256 0.040302567049105
-7.98889072510951 -0.195390882736973 15.4985051245617 0.00189513799903268 0.0405295841483454
-2.94447633204771 2.52461688987423 14.6087306367981 0.00182449070871846 0.0405295841483454
-2.47331062822369 1.32828690916755 14.5725704445552 0.0018266224771133 0.0405295841483454
-2.25439427303793 3.09834011972704 14.5617179990796 0.00183180492129758 0.0405295841483454
-2.24145465604843 3.84395512014395 14.5378147582942 0.00190092586208684 0.0405295841483454
-2.01234325939031 4.49888541437869 14.6354448985148 0.00185817406452587 0.0405295841483454
-2.00516921516831 3.7258766260983 14.4908196366216 0.0018806264715352 0.0405295841483454
-1.98503757754675 6.09389722912462 14.6417571460828 0.00192231820318635 0.0405295841483454
-1.97369743273355 6.27292754840683 14.8427466173691 0.00182196879355277 0.0405295841483454
-1.70045537501299 2.98154536272839 14.5482525891398 0.00183825858473846 0.0405295841483454
-1.6930918405961 3.90613649493117 14.5163459322233 0.00185365496934846 0.0405295841483454
-1.68939702944988 4.64397139137197 14.4366290953029 0.00191891153656651 0.0405295841483454
-1.56388208373598 6.73756616784029 14.4882089103563 0.00192551799442693 0.0405295841483454
-1.52984548680649 3.69722667846023 14.4024908206486 0.00190981198694603 0.0405295841483454
-1.52561557048891 6.86092959528613 14.6109044837836 0.00186534575462437 0.0405295841483454
-1.51187993811234 4.65907874931854 14.450281185301 0.00188600616606791 0.0405295841483454
-1.41919691352667 5.38732595313498 14.4422367969861 0.00190179659752236 0.0405295841483454
-1.40752040829772 5.13503671269956 14.5188179305538 0.00185298025089003 0.0405295841483454
-1.40742793683147 4.30739781659498 14.3834066377315 0.00191941444242485 0.0405295841483454
-1.38033538318072 6.07042831909312 14.4338991305268 0.0019150292441477 0.0405295841483454
-1.24295181690468 5.76758995720289 14.6172227763131 0.0018054753207642 0.0405295841483454
-1.22235431155161 6.60585315658197 14.4275812046901 0.00189727106083276 0.0405295841483454
-1.19217906985554 4.05505075301393 14.3820607158926 0.00192009374599743 0.0405295841483454
-1.41182009215301 3.8011891123921 14.3475262608556 0.00193761828122778 0.0405821282006761
-1.73345678167885 6.44782082246763 14.4870257522799 0.00194675346105152 0.0406939780498752
-1.39833784977574 5.2525826787726 14.3014445360942 0.0019679317818418 0.0409371803347828
-8.17797995145243 -0.167915163706211 15.3204179115044 0.00197544423801313 0.0409416550430789
-2.94885428279697 2.30386166570837 14.2790132375565 0.00197960070311339 0.0409416550430789
-4.39526178828354 2.25862739700329 14.3116665466131 0.00203735297363122 0.0412218011561025
-2.32701555111876 5.98099903482852 14.7084209573113 0.00203300148468029 0.0412218011561025
-2.16684738991777 3.46199288786244 14.232429183259 0.00201685259391276 0.0412218011561025
-1.9245297631997 4.18106774125425 14.2221619439713 0.00203680286772136 0.0412218011561025
-1.89088825243624 3.38880134803277 14.1630666915304 0.00203438385845751 0.0412218011561025
-1.83367878800651 4.6100079211748 14.3312732763467 0.00200258123370637 0.0412218011561025
-1.66041243245169 6.67892189989926 14.3327381598665 0.00202621406880696 0.0412218011561025
-1.43107595894735 4.68274593131487 14.1686492038283 0.00203137525872359 0.0412218011561025
-1.42309313770196 5.39344959765117 14.2377460319638 0.00200978470814361 0.0412218011561025
-1.22995706492223 6.06233788595757 14.1664574423692 0.00203255586286451 0.0412218011561025
-2.39426417276355 1.61953008820859 14.1445308792825 0.00204441010180895 0.0413256017469335
-1.24617952889091 4.30805121961262 14.087270139679 0.00207574260091029 0.0415040993486943
-1.88552945648976 5.57296019305114 14.2195837329133 0.00208686301728858 0.0415570576896826
-1.69030359290508 3.92193706818134 14.0732712325468 0.00208348613948 0.0415570576896826
-2.26144037629598 4.91652930434217 14.2638873612499 0.00211813258888957 0.0415691491758989
-1.8106528077244 3.16658297361372 14.0602940608843 0.00209069408087715 0.0415691491758989
-1.70967067922768 4.12910606474923 14.067639345022 0.00209354203272828 0.0415691491758989
-1.63496835405292 6.794168517102 14.1460874427622 0.00212042006800174 0.0415691491758989
-1.63348711494113 4.69432709651521 14.0579970968062 0.00211692675036177 0.0415691491758989
-1.62882354693718 6.25769145430044 14.1460153731317 0.00211079481999809 0.0415691491758989
-1.59533332656363 3.26754836783855 14.0307485638584 0.0021072114520694 0.0415691491758989
-1.51695671080945 5.33144863984053 14.0911375340176 0.00210843661434729 0.0415691491758989
-1.43059398839054 5.45923337137507 14.0628454771789 0.0021058491944473 0.0415691491758989
-1.30155267509288 5.2263001093311 14.0444356544513 0.00209954118163573 0.0415691491758989
-1.18625346676267 6.02671905563574 14.0559874989278 0.00209309239662445 0.0415691491758989
-2.10282682487251 3.09412916950122 13.9851580055387 0.00213299307976884 0.0417012785613513
-1.68582377891209 4.69109175199658 14.0235128904009 0.00214653693037719 0.0418136035838324
-1.43067308085448 4.36250750040363 13.9433634917944 0.00215694604703834 0.0419009079274909
-1.22239049531607 4.75565188616835 13.9121600952918 0.00217503017687402 0.0420251100931686
-2.46923438388746 3.8503453670194 13.9894304422362 0.00221677566773015 0.0423736076165852
-1.29332592248472 4.9782884218019 13.8442814306412 0.00221497312492692 0.0423736076165852
-1.74986678770591 3.99636856885334 13.8120935992964 0.00224535682684179 0.0425396614980291
-1.21226942884895 5.2732482408336 13.809271550837 0.00223590280069027 0.0425396614980291
-1.17657403579429 6.38957223809546 13.7857065379297 0.00225011811889795 0.0425396614980291
-2.09329123091122 2.25825792349464 13.7502735592252 0.00227168807164717 0.0426401656405458
-1.94210318504561 5.16093802224143 13.8985386291399 0.00227062362773642 0.0426401656405458
-1.62575701203753 6.88339153568586 13.8994798837002 0.00227005833904912 0.0426401656405458
-1.87620474461288 4.26040590199535 13.8068230417532 0.00228004576658002 0.0427075472103421
-1.42444948585329 6.13965412775411 13.7808945461975 0.00228988277615197 0.0428170147342035
-2.34241905649269 5.66984822442333 14.1919152228925 0.00231446964864493 0.0430515442796945
-2.42267849604359 1.85890256704047 13.6680334830468 0.00232267169123945 0.0431091574559713
-1.86346768131107 4.10676455522075 13.6646707077392 0.0023548588053177 0.0431091574559713
-1.77269263722692 4.6535286164016 13.7126426196983 0.00234715912688908 0.0431091574559713
-1.73357389082749 2.66228574783044 13.5970120140202 0.00236775793270621 0.0431091574559713
-1.42373211579703 6.10690359759007 13.6996692621944 0.00234030514420693 0.0431091574559713
-1.40268611570739 4.17726316936267 13.60683149703 0.00236146490761004 0.0431091574559713
-1.40247678829368 6.930303313324 13.6633210049848 0.00236328098554559 0.0431091574559713
-1.40061211994527 6.02096753944269 13.7028966217674 0.00233827754171301 0.0431091574559713
-1.30455352331936 5.50364144573094 13.6422771828561 0.00233952167792138 0.0431091574559713
-1.21690031582355 4.61139639378111 13.6338588139939 0.00234424264417048 0.0431091574559713
-1.8689399422983 3.00044231036959 13.5922205095612 0.00237083564775777 0.0431274912107387
-1.72928155335785 2.62420814643962 13.5583773271441 0.00239270510693255 0.0433893869233309
-1.20105094898992 3.01044550860819 13.5574229627524 0.0023933251611088 0.0433893869233309
-1.49085222664179 5.94602589752353 13.6264030430257 0.00241335677117803 0.0435684029221004
-1.36733454104031 3.55674671957254 13.5305992022832 0.0024108282337899 0.0435684029221004
-1.30181528959788 5.52352865861416 13.5346559112015 0.00240879791310489 0.0435684029221004
-2.95088649337122 2.67538525355906 13.5741381019658 0.00242075896537459 0.0436493971672941
-1.47039032736669 2.82532149493431 13.4743684599839 0.00244799836478957 0.0437154212569874
-1.39540226847585 4.7904555077089 13.4775937818616 0.00244584865814973 0.0437154212569874
-1.20992989278296 4.89384462504044 13.4851201823724 0.00244084065485444 0.0437154212569874
-1.72218255519967 4.28315931202029 13.5041317528455 0.00245299711807264 0.0437318613394048
-1.68511803975663 2.85776858654797 13.468784726976 0.00245172509691201 0.0437318613394048
-1.68682983246684 5.07695805996402 13.54950707807 0.0024674219554724 0.0438796008947069
-1.66926959296196 2.36330633244854 13.4376837574199 0.00247260209868189 0.0439352918064875
-2.28205469498258 2.34718075459235 13.4274404905915 0.00247952260868782 0.0439943191069226
-1.69993043121222 4.20895064156853 13.4511409510368 0.0024820779651875 0.0439943191069226
-1.60706072673875 3.31125703871578 13.4241625653176 0.00248174191389336 0.0439943191069226
-1.59493916527881 4.97198570957069 13.4669194199096 0.00249199712053964 0.0440972460760838
-1.26798422689937 4.35771878228813 13.3829679795939 0.00250982756577144 0.0442302972909615
-1.36912298594055 4.39280144421872 13.3728272735041 0.00251679707619592 0.0442803501994864
-1.24263516250159 9.95222552747291 13.3265639734482 0.00255681378316288 0.0447275572654929
-1.52020119305955 3.45250295559557 13.3114424398498 0.00255946242663701 0.0447374007042248
-1.97265896471526 7.1995189781596 13.5687628292797 0.00261531100694319 0.0447603011162915
-1.65528398588213 4.17929491217641 13.2396247925374 0.0026228195482918 0.0447603011162915
-1.57425403539098 6.54908009992681 13.4172829821225 0.00256311486801106 0.0447603011162915
-1.51352043911596 4.21884081349266 13.2752518170686 0.00258500497878368 0.0447603011162915
-1.49240268697185 3.48831897095523 13.2317975347856 0.0026160610956569 0.0447603011162915
-1.49206500751075 6.18695677692678 13.3753111302368 0.00258626526116032 0.0447603011162915
-1.47882829716367 3.08344905107444 13.2496171173901 0.0026032742509014 0.0447603011162915
-1.40521885496899 3.14422680461078 13.2129773373731 0.00262964421161595 0.0447603011162915
-1.38793857650004 6.39783399717146 13.3383900200448 0.00258058768987425 0.0447603011162915
-1.37265206179367 4.70410827123868 13.2155873880241 0.00262775563666956 0.0447603011162915
-1.25100047761065 4.40746693352016 13.2151227196289 0.00262809174662893 0.0447603011162915
-1.19464075856035 3.93960425410937 13.2477104788114 0.00260463897350762 0.0447603011162915
-1.1804844016922 5.41814500159432 13.2766327709578 0.00258402498451965 0.0447603011162915
-1.59368898922727 3.10389568369635 13.2064726033866 0.0026343576695272 0.0448049714023393
-1.64765361591507 4.03267176903644 13.2019527284536 0.00263830426028028 0.0448207474622202
-1.39919654880959 4.01022141928703 13.1960817760839 0.00264190717828253 0.0448267272568239
-1.58994825757816 5.26280107742911 13.2596938383024 0.00266491853356962 0.044968141455128
-2.24388837961246 2.42877642184762 13.1460406810299 0.00267861399369036 0.0449692264345682
-1.45168641520283 5.8689804074852 13.226729107629 0.00266716027980168 0.0449692264345682
-1.38644622845349 6.15465299857383 13.182768103657 0.00269273218059482 0.0450124918762409
-1.75006542957692 4.93979699983904 13.2267609143635 0.0026991189789023 0.0450490309264729
-7.72948006684822 0.40464084962696 13.9775433804572 0.00272759627752649 0.045222390377607
-1.72835822612467 4.90276723010854 13.1806424281062 0.00272693344164447 0.045222390377607
-1.47961519519709 4.37486580239219 13.0882706086893 0.00272171969014786 0.045222390377607
-1.27116020835685 3.26876433623245 13.0862462997967 0.00272324451027546 0.045222390377607
-1.23250566206358 4.08268866089466 13.0659526423686 0.00273858506007859 0.0452848371499658
-2.48135131062839 2.26439241617265 13.0460380057698 0.00275373550875822 0.0454222902548252
-1.75719056421843 6.01758929411581 13.1245794391272 0.0027954607485701 0.0456876550400719
-1.73260343882454 3.85926597090145 12.9920991841666 0.00279525560104702 0.0456876550400719
-1.70313252247388 4.68733154164499 13.059015252512 0.00279278805291942 0.0456876550400719
-1.24330554876507 3.36813492933401 12.9898152460095 0.00279702947114349 0.0456876550400719
-1.42942942466682 5.67162595299664 13.0319036991569 0.00280682084293148 0.0457059464278586
-1.32293113661243 7.08659906891083 12.9932606135727 0.00282984038145868 0.0458742151633744
-1.59118054858367 5.22400157228659 13.0102207778055 0.00285733635553232 0.0460975158072853
-1.40058299610645 5.59589568517594 12.9656631658127 0.00285866069957054 0.0460975158072853
-1.69967526891871 4.78698344356802 12.9959949490764 0.00286854199645541 0.0462171982363706
-1.80508212218466 3.23076624675008 12.8847823965542 0.00288001778626977 0.0462333394177603
-1.47216672886865 5.88065726447887 12.9840847747404 0.00287796246193354 0.0462333394177603
-1.4864197003424 4.98422721777583 12.9091246096003 0.00289509108520908 0.0463365809734919
-1.41402826259705 4.44399703563087 12.8400065862277 0.00291625193416124 0.0464672029955098
-1.91835539482749 3.34503972205445 12.8255702174309 0.00292804560590956 0.0465391060721031
-1.58200890015284 4.65435433694015 12.8666643482758 0.00292944436039256 0.0465391060721031
-2.54246673208767 1.93855166925057 12.7837936922158 0.00296248399978595 0.0465468090427906
-1.86958229326821 6.94586981448034 13.0302230639295 0.0029498123288197 0.0465468090427906
-1.83263970830393 4.74740200266551 12.9181493440738 0.00293741692835943 0.0465468090427906
-1.76572682137048 7.04793097686683 12.9509179138359 0.00295853142660639 0.0465468090427906
-1.44385220227199 4.21472556139906 12.8025573634706 0.00294695905534425 0.0465468090427906
-1.30679491867136 5.22148676896755 12.8122768138371 0.00294768301226033 0.0465468090427906
-3.01989228167665 1.73190663907779 12.7565310856727 0.00298520837823359 0.0467450506201592
-1.92395986012239 4.37364776039937 12.860281684184 0.00298436662783795 0.0467450506201592
-1.4296199998457 5.52291026887386 12.8060206438129 0.00298817850516335 0.0467450506201592
-2.02319071229393 1.91149348485996 12.6776147906345 0.00305212340821149 0.0468236636797161
-1.85156058362565 4.5796078218906 12.7819026761138 0.00305025700164881 0.0468236636797161
-1.77369201291236 4.64524179056854 12.8123593444967 0.003017821642005 0.0468236636797161
-1.54669987425904 4.9813291117394 12.7364426959104 0.00304672660650916 0.0468236636797161
-1.27244079184493 5.79076452873893 12.7114292697509 0.00303945597098075 0.0468236636797161
-1.19326677868895 4.64474717278398 12.6809145129026 0.00304929125964356 0.0468236636797161
-1.23016473666199 5.82662775956184 12.6790357088923 0.00305985102423929 0.0468476628040403
-3.39470643327884 0.998115170933489 12.6234740536931 0.00309902599777569 0.0469644431434907
-1.48086131070228 3.21456545197555 12.6444990184855 0.00308071437011303 0.0469644431434907
-1.46494198899123 3.52969341818881 12.6366195480658 0.00308756239038872 0.0469644431434907
-1.33385187632122 5.12383218352778 12.6418688103243 0.00309559033443837 0.0469644431434907
-1.37120572256174 3.10330775358156 12.6021672242333 0.00311771060984301 0.0470884080628895
-2.14813445687727 2.17221777347814 12.5755246174323 0.00314125643455426 0.0471452251587721
-1.90149605605703 4.36519996156784 12.678822756067 0.00313855302018639 0.0471452251587721
-1.3033538823191 5.83240162832446 12.6112288421453 0.00313139201474189 0.0471452251587721
-1.20223842331132 6.12581443474262 12.5935805799476 0.00313436777604582 0.0471452251587721
-1.7013714943015 5.31253289999017 12.6906084979216 0.00315029922257993 0.0472031879247835
-1.32197196545798 4.64598502826213 12.5315299813628 0.00318058538958801 0.0475358988505185
-2.91044825224754 3.27190707954276 12.6239314239383 0.00320929060909486 0.0476000385153924
-2.01543690867834 5.63230988757521 12.8044538201101 0.00320882512683282 0.0476000385153924
-1.58370612781796 3.30760138330812 12.5036090949148 0.00320583821051971 0.0476000385153924
-1.46392710888613 5.16022120908766 12.554613118338 0.0032060563892695 0.0476000385153924
-1.20318311340308 5.94114382118995 12.5210013005977 0.0031992953927266 0.0476000385153924
-1.54330855151668 5.39194234785534 12.588010786522 0.00321247298077153 0.0476143110011106
-1.39049881532071 3.61411929420282 12.4854512584187 0.003222384352718 0.0476295501121591
-1.23437964045275 6.8043851733159 12.5030469594547 0.00322843210709739 0.04765325767441
-7.02834374903736 -0.12045129591118 13.2591254858063 0.00326579953779952 0.0478707348382255
-1.97488597405844 3.18613434519145 12.4405246122055 0.00326374610684035 0.0478707348382255
-1.78316104608523 5.36069891717442 12.5754919165055 0.00325294421581233 0.0478707348382255
-1.3166727069773 3.1183471645879 12.4374316811233 0.00326661595382539 0.0478707348382255
-1.90343224074457 3.33808147253223 12.4305990948999 0.00327296599401794 0.0478789686893833
-2.05943757178382 3.351478664767 12.4433563022772 0.00328345092023323 0.0479701443366772
-1.5939779311684 5.95043093903772 12.5334674239979 0.00329137084974734 0.0480531181855215
-1.41087477724509 3.50887946935129 12.3846688809666 0.0033160218952747 0.0481834157099977
-1.27743457684297 6.64319862272641 12.4276512772528 0.003313491463388 0.0481834157099977
-1.40654527570131 5.00132335524527 12.3933414268518 0.00333038116582278 0.0483015376949039
-1.67353874204732 4.2375781091293 12.3657157273741 0.00337219744728373 0.0486190981983979
-1.66779285032925 4.9795699739177 12.4258390835477 0.00336905738000203 0.0486190981983979
-1.22814119149717 5.81507876468029 12.3446666776196 0.00336866929796692 0.0486190981983979
-1.20947222958162 5.99739346984634 12.3490678986243 0.00336444878391467 0.0486190981983979
-1.25854778027782 4.97460563780779 12.3132919336756 0.00338422833514729 0.0486933821341723
-2.28702600690568 2.6051211777085 12.2916895289304 0.00340518750529874 0.0487832580677977
-1.85308450517083 5.15128289468447 12.3830622083233 0.00343324457562521 0.0488605152046675
-1.73641953992189 2.5772549380498 12.2735165716714 0.00342293475353468 0.0488605152046675
-1.56933428253008 6.55615708654381 12.3868212525415 0.00342961407264106 0.0488605152046675
-1.4417448324853 4.09708281737518 12.276108382049 0.00342039717994266 0.0488605152046675
-3.04583936625603 3.2720240696328 12.4290312074917 0.00344865127162906 0.0489068117965673
-1.36420399141906 6.06376216827799 12.3050348834299 0.00344848979315174 0.0489068117965673
-1.81490044418286 2.06165323558868 12.2307468671997 0.00346512299894997 0.0489983442160935
-1.28059481634959 4.77243599992006 12.2257836666893 0.00347005725164425 0.0489983442160935
-1.26962920092316 5.3205319951748 12.23068214289 0.00347491404637843 0.0489983442160935
-1.2587560474624 5.46814936660318 12.2268541335051 0.00348259621432024 0.0490396252004758
-1.56185374940901 4.32706147836699 12.2114480018678 0.00349934099179029 0.0491488973483473
-2.43151576332613 3.46649080823322 12.2814670464809 0.00350972750466514 0.0492000827669265
-1.32417307706783 4.99870854127356 12.1896464700622 0.00351130306486944 0.0492000827669265
-1.679398252121 4.49543040853186 12.2079643637449 0.003544731263666 0.0493661372804186
-1.38616193274955 5.86121392215653 12.2115182473985 0.00354154037755915 0.0493661372804186
-1.67210037705174 3.81580893693348 12.1489410457741 0.0035512497187022 0.0493834830479295
-1.76083494826012 3.94480574720089 12.137872629345 0.00358244449430486 0.0494993806184109
-1.53448469203374 7.06993046304426 12.2346389035405 0.00358019176377233 0.0494993806184109
-1.46515530492676 7.15492917941531 12.2128021973576 0.00357878521669881 0.0494993806184109
-1.20320081005283 3.76791255633084 12.0865987634555 0.00361177003992269 0.0497389820672583
