2.2630683408611 5.88298485645035 42.5537714832878 1.23023586136886e-05 0.0302588615214639
1.85559661782015 5.19234717993959 51.011940032202 4.48967252843004e-06 0.0302588615214639
1.78736039204419 6.83130281144383 44.9228192744589 9.14070163291478e-06 0.0302588615214639
2.03648195123965 8.27388392459572 36.1419224634685 2.95520101507379e-05 0.0452715686930625
1.54806982774994 9.33605440376358 35.0148108964864 3.4726904883954e-05 0.0455759380936128
1.50392284864103 5.01625423848458 32.5278259451115 5.07103410675037e-05 0.0455759380936128
1.56549534155002 7.80693091811732 31.211988727651 6.24872493299308e-05 0.0462645463487044
8.38223006803473 5.13288330896909 36.5521625771666 7.05939964135469e-05 0.046326517696879
1.5324419328777 7.92580976240129 28.6915132820089 9.49245987021021e-05 0.0496548260576582
1.17976783136868 5.5826400985531 28.3981002038166 9.98237807922172e-05 0.049788851782574
