4.20646069445741 2.31691102643109 45.8823818094274 8.13249525962449e-06 0.0268094135319928
2.33092406794646 4.63166626295432 36.5780756037867 2.76462647066504e-05 0.0268094135319928
2.20045171255411 5.89232071478523 34.9702283935171 3.5678698739329e-05 0.0268094135319928
1.93214094123766 3.53622189567392 41.1473955808424 1.47641642551661e-05 0.0268094135319928
1.93092461085457 5.4107908077081 43.7056359984403 1.06313372145685e-05 0.0268094135319928
1.73011548818399 6.65513422202239 36.5321215382384 2.78293158374227e-05 0.0268094135319928
1.68269285970595 5.19234717993959 42.6114435724039 1.22118879692071e-05 0.0268094135319928
1.67679772978112 4.23776730828437 35.8474075058222 3.07274277465176e-05 0.0268094135319928
1.67465311506235 4.50093025021791 34.4991853169018 3.75009281465839e-05 0.0268094135319928
1.6452831613623 4.37592786436487 34.6392368096878 3.67232169310044e-05 0.0268094135319928
1.57692739896097 4.81923791695684 42.1539066217146 1.29510844163381e-05 0.0268094135319928
1.46736639254666 5.40616874688255 38.5217580794984 2.10277997175539e-05 0.0268094135319928
1.30800892873067 6.57546263206234 38.3827139954843 2.14360462511148e-05 0.0268094135319928
1.18656273041862 6.81638309436465 40.5005731343322 1.60819745229899e-05 0.0268094135319928
3.92754366609462 10.8829885669989 35.1616404418214 4.80466259395969e-05 0.027272882038952
3.54293988627545 5.46979908223337 32.1695835360853 6.5959396129931e-05 0.027272882038952
2.28187461674952 4.56599713664535 31.487528876023 5.97828444023784e-05 0.027272882038952
2.24719564159638 3.89489290038409 32.1830001000237 5.35310834845024e-05 0.027272882038952
2.24393166519731 4.44664565410836 31.0167193748484 6.44884220143731e-05 0.027272882038952
2.17648005004176 6.20173857276097 30.0511717676033 7.8396342795598e-05 0.027272882038952
1.88125251849809 3.53772660366832 29.8287495863511 7.83633618515853e-05 0.027272882038952
1.87860679704741 3.48871582168339 31.3477698238515 6.11374976051633e-05 0.027272882038952
1.86613369809613 4.58250593920512 32.6835091279661 4.94926903819009e-05 0.027272882038952
1.7495698739878 4.52093096957867 29.7836817419393 7.89532731600868e-05 0.027272882038952
1.68206894392081 3.99200153699281 33.2968199784696 4.50098293485184e-05 0.027272882038952
1.59114585745629 5.03349768401036 29.9985419072165 7.6185626283556e-05 0.027272882038952
1.57125093544301 5.21299349582483 31.6442377003781 5.83044740626716e-05 0.027272882038952
1.55917855353146 6.39144198888409 32.7508632874974 4.89762584315802e-05 0.027272882038952
1.39831454051369 5.08451849525609 30.4233687595978 7.10330351027038e-05 0.027272882038952
1.38486178052064 5.87319668685269 29.7773258727948 7.90368749264905e-05 0.027272882038952
1.33355969861113 4.498765892269 31.34136476627 6.12004150798379e-05 0.027272882038952
2.11717696195117 5.41066156364728 29.5070936422973 8.41425893634358e-05 0.0275817281114721
1.99209034437016 4.58284729752252 29.0878289515939 8.87368508272287e-05 0.0275817281114721
1.54971135714818 6.0980055188736 29.2967341471597 8.56612821382432e-05 0.0275817281114721
1.41195964181522 6.20254289168314 28.4885625402513 9.82831741390715e-05 0.0280338976580281
1.38681009676862 4.67755280167404 28.6483787481609 9.56273105873554e-05 0.0280338976580281
2.1905088593121 6.99652365826602 28.6601100541317 0.00010169272580294 0.0282156529597658
8.14652923873919 8.80114683002831 33.9400486811962 0.000113904052582258 0.0284612719401045
7.23648933414191 8.7398089192476 33.7579706966253 0.000116542991922662 0.0284612719401045
1.78138582585481 3.98864646533451 27.623787992626 0.000114200963419099 0.0284612719401045
3.32987203162915 4.4412597424301 27.4097699166864 0.000128703443628527 0.028819695612087
1.30662233762118 5.21165255578293 27.0326484666336 0.000126778285927062 0.028819695612087
1.20100506961767 5.22821229207167 26.8665423244006 0.000130592124232049 0.0288743225608738
2.46713959141879 2.93217887612501 26.6890445790005 0.000134813065787485 0.0289133582194419
1.80133762850808 3.37931748653815 26.7204923333712 0.000134054004822231 0.0289133582194419
5.25436784566226 8.74042686703517 30.2976881526366 0.00015891422467111 0.0289200638778282
3.73608912207106 10.7320855330548 28.4281971937804 0.000147188212904685 0.0289200638778282
2.97781004869447 2.45742977545346 25.8606203862999 0.000156692486179475 0.0289200638778282
2.84179901927506 4.28649014339208 26.3327497087754 0.000152423149640799 0.0289200638778282
2.56923208424622 3.47917107471255 25.8489243356743 0.000157029191792264 0.0289200638778282
1.94250083929539 2.96795546816599 25.9854602939307 0.000153149498960588 0.0289200638778282
1.90816810026955 3.40270679829026 25.8501685379792 0.000156993334479929 0.0289200638778282
1.80536606524729 3.88168043759771 26.5546612630607 0.000138112490420786 0.0289200638778282
1.33339700414445 5.60611782535991 25.5294106919054 0.000166554958450807 0.0297675349491205
9.23544948811973 7.90408271037973 30.4557776283225 0.00017968091463724 0.0301659368619637
4.79855626725201 10.3175346895381 28.4109474312119 0.000195091561336117 0.0301659368619637
3.48721824768109 8.05647974174635 26.7059020551049 0.000194722917640731 0.0301659368619637
2.26372628947306 2.38774231916957 24.6354510478564 0.000196914774125748 0.0301659368619637
1.47451677246285 4.5293180737724 24.8526087336926 0.00018899632590635 0.0301659368619637
1.46011275136984 5.91537903816335 24.6891901473803 0.000194920510397375 0.0301659368619637
1.44918343948619 7.29679188558427 25.2652405666784 0.000174931225811518 0.0301659368619637
1.406810603118 5.55676664351081 24.8634835682708 0.000188609451986658 0.0301659368619637
1.51611271134026 4.58935553505469 24.522958558124 0.000201165311786489 0.0303830453653861
2.07947747336847 3.02979142348024 24.3789122306531 0.000206762005155455 0.030397514054072
1.23332242289061 5.79676273967139 24.3746464754217 0.000206930435580478 0.030397514054072
2.72278819377647 2.06752756074136 24.0237571816243 0.000221337386706685 0.0303995793429587
2.30961847057573 5.95215902699782 24.2995654596464 0.000225746702059194 0.0303995793429587
2.21392575430298 3.96314134385109 23.3667229827145 0.000251508731225293 0.0303995793429587
1.96662654752175 4.31761004888538 23.0473357794326 0.000267855358286004 0.0303995793429587
1.81172976527161 4.78337597571723 23.019973974277 0.000269311329097876 0.0303995793429587
1.60556384062623 4.00811104431846 23.0821787964519 0.000266014298206917 0.0303995793429587
1.53189443351451 4.46806358878206 24.0383675037037 0.000220715117127536 0.0303995793429587
1.38561155568176 4.2766681482933 23.2442150090464 0.000257640257732895 0.0303995793429587
1.38123862406564 7.92580976240129 23.5207063859361 0.000244036903557853 0.0303995793429587
1.33287664428013 5.8429671317916 23.2945469238015 0.000255100705352112 0.0303995793429587
1.28160712082695 6.83130281144383 23.8031250750479 0.000230982303238554 0.0303995793429587
1.21018718934933 5.15591525700197 23.1249716855291 0.000263772926475336 0.0303995793429587
1.19063234290012 5.11532847878948 23.2044851295575 0.00025966528162002 0.0303995793429587
1.93213091351392 4.1616524556259 22.9540790985098 0.000272854974056671 0.0304059166018458
1.23936192809593 5.32496624108353 22.8960729535163 0.00027601852697422 0.0304059166018458
12.0402396168378 6.81826062512959 25.3317803085769 0.000379599866927076 0.0304982248224669
5.38338448766714 2.33496708195882 21.4960398727279 0.000386134933588611 0.0304982248224669
4.45147413566056 2.13735487215975 21.6026287501295 0.000363338003175974 0.0304982248224669
3.82849286794126 11.7548394105615 23.4985436921684 0.000386246433248298 0.0304982248224669
2.39633497843859 5.02068681055869 22.9982182265976 0.000285863699868534 0.0304982248224669
2.19879373171513 6.01480464801326 22.1181590498394 0.000344785014731937 0.0304982248224669
2.16797923814536 7.78355463978298 22.4536031588441 0.000322488462118597 0.0304982248224669
2.08401849248866 2.41000634397274 21.6655186029899 0.000354104215087773 0.0304982248224669
2.01574658857475 5.79031413365438 21.4681195709963 0.00038679149306248 0.0304982248224669
1.95139411826973 5.31273015522702 22.2278388441099 0.000324506142190702 0.0304982248224669
1.90374462349709 3.36230263828186 21.548209721035 0.000362784602190521 0.0304982248224669
1.77871674962964 4.20481846103087 22.6148002481102 0.000291965480756299 0.0304982248224669
1.7590730142536 4.74425621190314 22.1099892133802 0.000323301118661847 0.0304982248224669
1.73647046605729 3.9070524118482 21.5584547438944 0.000362016895969439 0.0304982248224669
1.58463074980612 4.02921086529885 22.7866154499882 0.000282102992032772 0.0304982248224669
1.56276425070616 3.48856869341231 22.0478782161472 0.000327415752616672 0.0304982248224669
1.5456010747363 4.01215998562381 22.2032274644622 0.000317234843014247 0.0304982248224669
1.47792928079733 4.4354996620998 21.9288015525426 0.000335472640252154 0.0304982248224669
1.46932591682334 4.44050663935912 21.2866385124802 0.000383030004925534 0.0304982248224669
1.41029382136444 4.30327239042482 21.7918903847811 0.00034501766460738 0.0304982248224669
1.39553801533486 3.4354684662158 21.9746455606063 0.000332344244578247 0.0304982248224669
1.34472246824833 5.25620681499746 22.0484433088885 0.00032737804846916 0.0304982248224669
1.3422248857159 5.27586445339252 22.5614176891576 0.000295109526738192 0.0304982248224669
1.32876460556729 5.32247146531616 21.5513954887753 0.000362545678957906 0.0304982248224669
1.31775510044947 4.63125650219433 21.3200887742306 0.000380370309001289 0.0304982248224669
1.31407689680061 4.61861206990685 22.0980066581462 0.000324090299048931 0.0304982248224669
1.30990233887208 10.2768129280585 22.7559382319933 0.000283835654612269 0.0304982248224669
1.26011974283419 4.51086327631052 22.1074746672105 0.000323466546398683 0.0304982248224669
1.23863637814164 5.03766944114149 22.3828129550708 0.000305913466924255 0.0304982248224669
1.22480133605827 5.95433504064016 22.1956414845896 0.000317723512511513 0.0304982248224669
1.21655324335579 6.6289486164914 21.5265548487617 0.000364413430997035 0.0304982248224669
1.69464022845543 3.34666574811641 21.1145435823383 0.000397054144522508 0.0306317274732886
1.79286530209013 3.69647751672543 20.8571101095601 0.000419142487714193 0.0312099021070409
1.68431620281786 4.15729546057617 20.7970801345853 0.000424493085402838 0.0312099021070409
1.36789995909156 4.00235351467993 20.8649650440432 0.000418448080843489 0.0312099021070409
1.30862849046704 5.26244215932063 20.8976946145001 0.000415568778413518 0.0312099021070409
1.41780532786951 4.9496474258893 20.6250517775321 0.000440264022185784 0.0317559303658245
1.22497376949983 7.00397688956006 20.523282627994 0.000449908783596896 0.0318455237023189
3.21991491805602 2.74620700945732 20.4302828453911 0.000462503012959145 0.032027610866848
2.17329738708098 4.97858447291455 20.5996868042318 0.000463234523534053 0.032027610866848
8.04978493091186 0.358811419563417 21.5478644231998 0.000536425564248814 0.0323252728001357
4.6256989472453 2.5750736572506 20.3008636013234 0.000495311916336068 0.0323252728001357
2.49040853565262 4.65882899143381 20.1282411994218 0.000519856767868393 0.0323252728001357
2.38134918931343 2.43014707419476 19.7083517681815 0.000536485924044683 0.0323252728001357
2.16281292115444 2.4982874802443 19.6230098025885 0.000546607149857563 0.0323252728001357
2.05111337197208 3.43123617315149 20.0941694422428 0.000493323257053168 0.0323252728001357
1.95777909154729 3.04476953223904 19.6031921086222 0.00054898857633777 0.0323252728001357
1.93653089119672 5.32062028743895 20.2913495352523 0.00048680458408355 0.0323252728001357
1.7285654953006 4.0766731411663 19.6573411950304 0.00054250955792927 0.0323252728001357
1.71060810225735 4.68198928307421 19.7179821456548 0.000535357311860968 0.0323252728001357
1.6423282387627 7.49174038508482 19.8922144897475 0.000525642947270826 0.0323252728001357
1.45945230253321 4.99931330881996 19.8801471584926 0.000516754535996099 0.0323252728001357
1.44668031681834 4.91076963529767 20.0641174430202 0.000496538889524661 0.0323252728001357
1.4176749949744 4.48188075622664 19.7991686008925 0.000525949981352931 0.0323252728001357
1.39547488882277 4.66290430215895 20.0542317465739 0.000497601914325303 0.0323252728001357
1.31796663536687 4.56366711124508 19.5367098035996 0.000557064618127386 0.0323252728001357
1.31379693823814 4.22598785865481 19.599774007064 0.000549400516584857 0.0323252728001357
1.29027904002676 5.19005782029376 20.2614183914177 0.000475856302250365 0.0323252728001357
1.178867862604 6.67420291277218 19.9232784902974 0.000511931892511664 0.0323252728001357
1.17590364661848 5.98964218424819 19.7011730151071 0.000537328992937799 0.0323252728001357
1.4984053926612 4.89984983556269 19.4824113735114 0.000563761476636113 0.0323758660856678
2.63463606565913 5.71776534987833 19.8732669116824 0.000601744341085993 0.0325068291292338
2.41095644036673 6.00476145863908 19.8679523668571 0.000573369173903345 0.0325068291292338
1.41162101304968 3.78854214773374 19.2835596818856 0.000589084821124033 0.0325068291292338
1.33093478078658 4.95495502317636 19.2009863765612 0.000599980724842654 0.0325068291292338
1.24267271471376 4.4693130701244 19.1791192356922 0.000602904660264963 0.0325068291292338
1.17402068016254 5.08023110999659 19.1094070633292 0.000612335476673215 0.0325068291292338
1.71090665575422 5.25735732850355 19.145726285955 0.000614254997875733 0.032528214665286
1.84608149984943 4.30446542171354 19.0397558909281 0.00062192688323298 0.0325616599317133
1.75415101040843 2.45178762875873 19.06735170831 0.000618106361259821 0.0325616599317133
1.57588232380879 3.8915095669955 18.981586653579 0.000630068954709797 0.0325616599317133
1.28556952105972 4.5125477263168 18.9882172819054 0.000629134723159506 0.0325616599317133
1.2544614425347 4.05911900339628 19.0381843863892 0.000622145262626066 0.0325616599317133
2.66508455612427 1.82758609647703 18.8720908847083 0.000645728253121216 0.032593058980328
2.51898062850152 11.6574923734965 19.4986556008487 0.000651178454521048 0.032593058980328
2.24501692663294 9.02789623614954 19.1874826888352 0.000658566546967006 0.032593058980328
1.66906191517668 5.30577462231256 18.8336405949451 0.000658550340559395 0.032593058980328
1.44312279890351 4.38472502117957 18.8402540650663 0.000650364510060219 0.032593058980328
1.35561209167341 4.0048813579924 18.9217137487618 0.0006385770518732 0.032593058980328
1.3194049827937 3.77444272369373 18.8793469929382 0.000644676873596996 0.032593058980328
1.26324795398859 4.9717632246439 18.9011904779217 0.000641523642014936 0.032593058980328
1.37345288441447 4.51425146108178 18.7052265047384 0.000670455787804787 0.0328293727877837
1.52070479928691 3.14549864050845 18.52058985257 0.000699088221151861 0.033063283942522
1.45831626304317 6.09445137554323 18.524036894119 0.00069989886277358 0.033063283942522
1.41808839691786 3.97422566551144 18.5263290784944 0.000698177418311609 0.033063283942522
1.26301424328153 4.13537382424789 18.5521021622741 0.000694103980732962 0.033063283942522
3.40665946934782 4.90396525676786 19.3836554430081 0.000721199139255461 0.0333196672523227
1.41423162976829 4.08597689606209 18.3952818446949 0.000719317122452556 0.0333196672523227
1.58076648180742 4.1126774632029 18.3128461599465 0.000732990048249021 0.0333608914036064
1.49613590636702 3.67898489464464 18.3054091382881 0.000734238115869895 0.0333608914036064
1.39907568499281 4.4519149116722 18.2779678748112 0.000738864336117547 0.0333608914036064
1.25822126131761 3.75815242491755 18.305872964806 0.000734160206307115 0.0333608914036064
1.32637456818693 3.76531863710255 18.255967444333 0.000742597394464301 0.0334590048720081
2.01871847936967 4.68978359024951 18.284439258767 0.000754503653001607 0.0335984232843132
1.66104417986709 3.13776340510837 18.2070659731146 0.000750972580505669 0.0335984232843132
1.23231859847763 5.2972695149239 18.1615496655817 0.000758865205728155 0.0336158277498385
1.29343568124565 7.6459367073679 18.1229473995607 0.000765633337902538 0.0337177375728865
1.60730713178493 4.79385637479167 18.0038359019208 0.000786956418206633 0.0340292143629572
1.50442647782154 4.07323138643773 18.0330572469145 0.000781663069842512 0.0340292143629572
1.25239182750408 4.86286120882191 18.0036728256029 0.000786986073764478 0.0340292143629572
1.24141688730703 3.71259113125061 17.986006136722 0.000790206358864991 0.0340997098160512
1.32099968470224 3.48159410881406 17.9526474038132 0.000796328180262324 0.0342948804861166
1.68900690044369 3.27941422822083 17.9274063295497 0.000800996356344687 0.0343764993213392
2.59480284001075 4.74883491644915 17.9343910019172 0.000854236427431219 0.0346295658668601
2.2201548737754 3.14673192426532 17.604352856431 0.000863593804262716 0.0346295658668601
2.18521027684255 2.46176499036075 17.8126396310705 0.000822620353036725 0.0346295658668601
2.07854497774076 2.54242652116424 17.6812028209244 0.0008482101986731 0.0346295658668601
1.97916374286069 4.73594971670176 17.8342466957512 0.000836552235390647 0.0346295658668601
1.65020223892457 3.19396564944964 17.7311943711581 0.00083837134661522 0.0346295658668601
1.58717664133387 4.23207416609151 17.7290267314723 0.000838795243079227 0.0346295658668601
1.55467848744115 4.06096209926609 17.5992917058045 0.000864618081587947 0.0346295658668601
1.35529715336783 4.00631547310119 17.824881520961 0.000820282237168468 0.0346295658668601
1.25248986764736 7.58795526056736 17.7701380875015 0.00083079723695394 0.0346295658668601
1.43487098400975 5.13997621193776 17.5475563815817 0.000875168397973368 0.0346305103899166
1.41582155361053 7.02212433255911 17.56910208632 0.000874493393670101 0.0346305103899166
3.54431383078989 0.564069464593055 17.359502438835 0.000914778199963287 0.0349096940473534
2.4597837712627 7.53771549595474 18.1453878132558 0.000895881527088512 0.0349096940473534
1.42991332901233 4.56251484500696 17.4050275524823 0.000905004321301369 0.0349096940473534
3.97539022697195 1.03648656580685 17.0751508414253 0.000978631398022309 0.035284445335363
1.94196816264455 3.8696459205897 17.0740445700178 0.000978889587100338 0.035284445335363
1.52266618445187 4.72377739399941 17.0805169837173 0.000977380116722788 0.035284445335363
1.47135421074859 5.21486826120357 17.2398877431855 0.000941039311514369 0.035284445335363
1.39794214435465 4.08646783447279 17.0749798528757 0.000978671299391007 0.035284445335363
1.29982294567967 4.39444483444456 17.1285280490227 0.000966265949405804 0.035284445335363
1.29233078423137 5.36252999295069 17.1699776404417 0.000956786911451573 0.035284445335363
1.25779744114666 3.81441302549544 17.2447825981113 0.000939947876735236 0.035284445335363
1.93960204494977 4.06203582900618 17.030714082971 0.000993162296775171 0.0355598527194275
1.79013041766907 3.98358849434498 16.958800893927 0.00100621796971902 0.0359074156348815
1.80662286122208 4.15425485511399 16.9226362125407 0.00101497312416969 0.0360399480034227
4.01480475303399 7.70968117987246 19.0508094222166 0.00102630237607427 0.0361430329386944
1.33329344960163 5.46849336598366 16.8371288087785 0.00103602264960214 0.0362391126758527
1.9026425942943 2.50313994017357 16.7022823259041 0.00107024146634439 0.0366668829531761
1.66605254781026 4.56302231758437 16.7057148857221 0.001069354527296 0.0366668829531761
1.49143933781821 4.43522379494629 16.656322645572 0.00108219845491614 0.0367722066932565
1.54659215373999 4.07235519984833 16.557809188138 0.00110834669179853 0.0368665483303163
1.22462097589979 4.00312836678093 16.513354317901 0.00112038250875159 0.0368665483303163
1.4902736801157 4.66460992886631 16.4929123942457 0.00112596716262307 0.0369205284525893
1.3747472686062 3.89097468351402 16.4988530306667 0.00112434092659214 0.0369205284525893
1.61926848522621 4.60744127808493 16.4616102181947 0.00113458065501947 0.0369807770641376
1.88812244365945 4.97722362261134 16.5964110808448 0.00113810796173498 0.037039455926146
1.21458890557772 3.72703251326771 16.4285085089843 0.00114377147725262 0.0371621461889036
1.95243757322414 4.80970837890046 16.5410664587624 0.00115334081261794 0.0371742641504887
9.11612609126716 0.558132163196674 17.7053901690638 0.00116159679774313 0.0372187370707303
1.2967763038686 4.13049757100306 16.3308654969066 0.0011713828284955 0.0372187370707303
1.2769468591315 8.96609280180578 16.347028949099 0.00116675990655618 0.0372187370707303
8.1575351938833 7.24428081502447 18.7174276025552 0.00119591679321404 0.0373320206969812
2.07584671410859 4.48828299081661 16.3370299413865 0.00121155529656456 0.0373320206969812
1.60646917133899 3.43998309033266 16.1673003638011 0.00121936300182279 0.0373320206969812
1.56600002328374 3.29639544309267 16.1967432449787 0.00121056262708585 0.0373320206969812
1.36523124222727 4.9119134880767 16.2702196513854 0.00118891608400093 0.0373320206969812
1.34858912666137 3.68046691629674 16.1656584841578 0.00121985590553942 0.0373320206969812
1.23549790778502 4.54940710675969 16.2985972311499 0.00118067474867109 0.0373320206969812
1.18850333355466 3.96823280631728 16.2456242667789 0.00119611230304947 0.0373320206969812
2.72294014795736 2.63691661269303 16.0365883325976 0.00125932711620764 0.0373608453903139
2.56962068863074 5.63825619942175 16.7483399326148 0.00124831288389653 0.0373608453903139
2.18548207672708 2.02653401265492 16.0202491159846 0.00126442733069811 0.0373608453903139
1.75862387202074 5.67380916425276 16.132728768554 0.0012767847962171 0.0373608453903139
1.72331264966757 4.16339851317267 15.9743504417816 0.00127888137742171 0.0373608453903139
1.514485586367 5.32693959048385 16.1191755982106 0.00124128078296284 0.0373608453903139
1.5073434303915 4.29914771638416 16.1372780568094 0.00122841205469984 0.0373608453903139
1.36830480905983 4.0944949236145 16.0138257224646 0.00126643883655456 0.0373608453903139
1.26982949436514 5.16108463775659 15.9987468104109 0.00127117525470615 0.0373608453903139
1.22927329610029 6.07452181626423 15.9984805738954 0.00127125906391059 0.0373608453903139
8.83222340654867 -0.0476882287055808 19.1890772349811 0.00129264265665923 0.0374240995388931
1.96731692727515 5.7222015504724 16.0695696210591 0.00130866988760355 0.0374857286437256
1.81448559309088 3.35483450683458 15.8322150500311 0.00132485579857062 0.0374857286437256
1.70065093080572 3.68509645804469 15.8568485674259 0.00131675414171628 0.0374857286437256
1.43159941472104 4.0989043409273 15.8602060458402 0.0013156543070153 0.0374857286437256
1.38834656489786 4.05557339627129 15.8352897459497 0.00132384145897152 0.0374857286437256
1.36406796397185 5.6662247662795 15.8364085331057 0.00132347259266039 0.0374857286437256
1.31711455664774 4.07975674433658 15.8852876963083 0.00130747131256344 0.0374857286437256
1.19721771978361 5.32782659756427 15.8087056376013 0.00133264101209135 0.0374948895947162
1.57112653885171 6.50122235879717 15.8741666866965 0.001340562641777 0.0375340038879783
2.07949582034963 3.49736416161778 15.7785759549978 0.00134269524149126 0.0375446999273313
1.37315145336737 3.48189670201566 15.7243733043357 0.00136100203170739 0.0378287720299633
1.21502575218644 4.60862036040472 15.7381740589134 0.0013563138944583 0.0378287720299633
1.29567892472893 4.54388933486201 15.6366450117904 0.00139124097087134 0.0381559400284882
1.73839866063915 3.02895306857051 15.6074935734155 0.00140145887542025 0.0381783602452331
1.62434133734395 2.7329296329468 15.5640655772269 0.00141684063506357 0.0381783602452331
1.61771887678414 5.9389637401361 15.7249966751945 0.00140679742066397 0.0381783602452331
1.50002383988178 3.03644670335783 15.5636739592139 0.00141698021892132 0.0381783602452331
1.428402466542 3.78930950767005 15.6017078917122 0.00140349702520088 0.0381783602452331
1.7369554363637 6.63790038977113 15.7076046438048 0.00143018553355078 0.0382357311205141
2.28899366175157 1.83412763955453 15.4433075208311 0.00146063819439498 0.0383392992501362
1.94310843742996 6.57791510995033 15.5791694522515 0.00149321078304432 0.0383392992501362
1.67796356910175 2.96539551033402 15.3640606121581 0.00149022255133375 0.0383392992501362
1.65510250807591 3.35054143233673 15.3336325344918 0.00150176379062205 0.0383392992501362
1.61467883117109 2.63770392265514 15.3787482944844 0.00148468794300322 0.0383392992501362
1.53989704305747 3.58974721442243 15.3516282069329 0.00149492579445544 0.0383392992501362
1.52084405161623 3.8843480064863 15.4083554454421 0.00147360277335464 0.0383392992501362
1.35542752882603 4.78293774911753 15.4189079338666 0.00146967476296499 0.0383392992501362
1.28280648188451 3.65525975400706 15.4902620342462 0.00144342666622297 0.0383392992501362
1.26987764386942 3.55637263789828 15.3728084922786 0.00148692333813826 0.0383392992501362
1.50607833192278 3.98465163500002 15.2365655879831 0.00153927070789714 0.0383869056654302
1.36898908865618 3.97582323356238 15.2404460966528 0.00153775083812374 0.0383869056654302
1.33255701268648 4.40412841162314 15.1939205532477 0.00155608721876561 0.0386096598268186
6.39114209543914 6.62555138798331 17.2603268578582 0.00159677293926662 0.0388224248991513
1.94180395233786 3.68398854358746 15.1207899858305 0.0015854174869279 0.0388224248991513
1.85933734773546 3.50253542061606 15.1056944136576 0.00159155036787647 0.0388224248991513
1.6878153739152 2.95526085581905 15.1185759997892 0.00158631526756175 0.0388224248991513
1.54813782950532 5.08976231182288 15.1226218346235 0.00159836812542316 0.0388224248991513
1.28714398991968 4.47720475272012 15.1491988344378 0.00157394906362165 0.0388224248991513
1.50249940876679 4.04412218792813 15.0817017539752 0.0016013538646567 0.0388509460806475
1.47928666179824 3.78211428892368 14.9747737314542 0.0016458945307559 0.0393967633941092
8.16410249701475 1.23564536257818 16.1293524011772 0.00165603908431571 0.0394310065857738
2.06268389556558 3.70398292476334 14.9580536730287 0.00166708874722652 0.0394650612303314
1.64862137652385 2.73912482867441 14.8999244437815 0.00167791748246954 0.0395453804906859
1.68579826575079 2.9830802382235 14.8890725764717 0.00168261923890065 0.039612661708784
5.54814444871366 3.75243019627998 15.7522665168003 0.00169791930408676 0.0397067596530856
1.50734271103995 4.69091239251664 14.8634288980465 0.00169378988460774 0.0397067596530856
1.73409173827589 2.87277062420841 14.7687216929248 0.00173578786665193 0.0400884594785079
1.5544532604477 3.21710886980643 14.7781966889487 0.00173153290706094 0.0400884594785079
6.45332447100426 5.18863159126748 16.7522754502946 0.00177273773643045 0.0402942917817419
2.63784390170056 2.65653654269193 14.6939132944279 0.0017698060664692 0.0402942917817419
1.97242115491415 4.82322064998596 14.8243914593602 0.00177043627547337 0.0402942917817419
1.36474077071653 4.97635555544579 14.7130721433227 0.00176102162673204 0.0402942917817419
3.05326440298652 0.490346276126642 14.6515792023252 0.0017893950706729 0.0403121387402538
7.11725009577357 -0.704535746242903 15.6376559226836 0.00183503514020282 0.0405295841483454
4.61667091436232 0.232694091466612 14.3767230773407 0.00192279043240917 0.0405295841483454
2.53472968133713 1.53392468676355 14.503485180734 0.00185990258993717 0.0405295841483454
1.96580741149906 2.50637218466261 14.4482213072248 0.00188702521594263 0.0405295841483454
1.81804715597673 3.51205452854453 14.5875445602771 0.00181949933490275 0.0405295841483454
1.784321525875 4.41083801257062 14.4191657150806 0.00192768908880139 0.0405295841483454
1.67901158144898 4.94229618066797 14.675538828048 0.00180961788664367 0.0405295841483454
1.53804381954943 3.29605199060455 14.4143414698062 0.00190387688029442 0.0405295841483454
1.53782880870651 3.13507671186249 14.5054400430627 0.00185895138507021 0.0405295841483454
1.53305297099185 4.64138724902285 14.4520625632467 0.00188512540236621 0.0405295841483454
1.51484667759061 3.56167404824625 14.4001634172606 0.00191098009855276 0.0405295841483454
1.46935500190246 5.18173341870603 14.5106705532503 0.00186807116856677 0.0405295841483454
1.4465800515103 2.88063054204173 14.4753873667883 0.00187363632972051 0.0405295841483454
1.43854660711846 6.05119343247191 14.4332564134717 0.00192718466319734 0.0405295841483454
1.36037599974047 3.38874921339117 14.3932024491555 0.00191447866024955 0.0405295841483454
1.29164530563934 3.78353566575345 14.4230715134951 0.00189951816819624 0.0405295841483454
1.19666569187585 5.63101340161589 14.3335920939328 0.00194474101868583 0.0406915713441512
1.6921525124315 7.84109032421763 14.4729779197684 0.00195383822599187 0.0407230013924662
1.23399391555458 3.82920326764929 14.3190097585364 0.00195222722509892 0.0407230013924662
7.55005128249515 -0.414098011872794 15.2204392327323 0.0020222681525258 0.0412218011561025
4.51133846793471 5.86083983222209 16.0945679938363 0.00203590530449046 0.0412218011561025
1.58256492093434 4.11474877666048 14.1244146538779 0.00205535533528621 0.0414118206644189
1.44458157086077 3.82042971448566 14.1179724056194 0.00205887474491381 0.0414227829776422
7.14980960456039 -0.583556405268895 15.134582130242 0.00206351542847839 0.0414697160168704
1.62482315811867 4.43650826447477 14.1259003066087 0.00206507468205425 0.0414697160168704
1.65900872403866 3.58477128013189 14.0860998206175 0.00207638870170605 0.0415040993486943
1.18622866945128 6.12109209651055 14.09471221971 0.00207163942054926 0.0415040993486943
1.17525733598549 4.35125845449895 14.0831177589684 0.00207803605747328 0.0415040993486943
1.19355995409164 5.0344816594303 14.0698458426654 0.0020853859419075 0.0415570576896826
2.32433076356783 2.95838322175082 14.0261379104268 0.00211678631420875 0.0415691491758989
2.04317672947433 3.52540049769917 14.0329595911934 0.00211667968076606 0.0415691491758989
1.17756344910993 7.03344592355792 14.0354456345576 0.00210457559177963 0.0415691491758989
1.26313122930792 4.3988618842032 13.988004429546 0.00213137287680042 0.0417012785613513
1.27649333282714 4.66157694030928 13.9682091586444 0.00214266974710064 0.0417762164236976
1.29465851197079 3.51669184703366 13.9564838550334 0.00214939356006983 0.0418214566973669
1.91157945006144 3.08534665770613 13.9170851113277 0.00217216433765723 0.0420075821007525
1.20322096491469 6.65474623362919 13.8967504108613 0.00218402501458224 0.0420851612648205
1.8596666085948 2.87779282620433 13.8687102434788 0.00220050202316258 0.0423266070769218
1.95934796310092 2.78104597436255 13.843903351808 0.00221519794617679 0.0423736076165852
1.47936076315867 2.93642155330959 13.8474151409601 0.00221311069796709 0.0423736076165852
1.79629830522633 4.50218136799603 13.8900742013836 0.00222405873308933 0.0424749667395966
1.63366766279308 2.9124275108703 13.7913268012108 0.00224671837765143 0.0425396614980291
1.48481494079421 3.69303032525042 13.7984136757561 0.00224243986070317 0.0425396614980291
1.1936661184454 3.76015379947337 13.8128787167062 0.0022337359163401 0.0425396614980291
2.1899087805984 2.9445328928664 13.7650607000239 0.00226265766033117 0.0426401656405458
1.23291722942752 3.62334422852701 13.6852238720127 0.00231190722525792 0.0430515442796945
1.58710595069687 4.35849677107503 13.6129900160258 0.00236142730248022 0.0431091574559713
1.56184937303655 7.77349352334175 13.7368630690417 0.00235227809283335 0.0431091574559713
1.5555509095947 3.0940447973745 13.6549595669341 0.00233089692750461 0.0431091574559713
1.51315217384535 3.43987317295552 13.6008372568237 0.00236530416137792 0.0431091574559713
1.45503058189123 4.30646425744213 13.6336809552775 0.00234435550716071 0.0431091574559713
1.45405107230749 4.4095101376916 13.6288373466547 0.00234743148940398 0.0431091574559713
1.2237394237808 5.35081078855916 13.6339544274889 0.00234418197372732 0.0431091574559713
1.18952481754803 3.44779459759368 13.6448620488632 0.00233727246750774 0.0431091574559713
1.88647653316414 3.16961045254557 13.5049316962224 0.00242771433847867 0.0436993918736271
3.76287595215349 7.08029067878261 15.1275393134479 0.00243348476773531 0.0437001585190824
1.52453084133991 3.87085721213642 13.4784612720861 0.00244527083730889 0.0437154212569874
1.29278876937801 5.11033011638757 13.4634400677448 0.00245529835814983 0.0437365314678069
2.16249432352151 2.51712638053114 13.3858896971535 0.00250782363372425 0.0442302972909615
1.31955958611726 6.93760478996881 13.4298352769707 0.00250835091865049 0.0442302972909615
1.53971692034087 5.1319841412699 13.4191931207167 0.00252447927493483 0.0443427575835605
6.56594833953298 4.22577158243048 14.9579185760731 0.00260875730523109 0.0447603011162915
2.7527215878961 1.28511540624063 13.2484786899877 0.00260408900916037 0.0447603011162915
1.91245724769079 2.48600526895265 13.2315511215917 0.00261623841911829 0.0447603011162915
1.86789252811648 2.10710382044298 13.2224758128801 0.00262277878850877 0.0447603011162915
1.67722156297425 4.88804435890659 13.3142803416116 0.00261182826847645 0.0447603011162915
1.6061791536096 3.92748836683486 13.2865313245044 0.00257701292974717 0.0447603011162915
1.39358214960223 4.67356124991847 13.2367122267158 0.00261252726974299 0.0447603011162915
1.32451939696844 4.14150400596649 13.273895971972 0.00258596756918384 0.0447603011162915
1.20372850913995 5.05957456067633 13.2142298944992 0.00262873769481825 0.0447603011162915
1.19804417373997 5.0149966875163 13.260968058869 0.00259516648953856 0.0447603011162915
1.37060498971366 4.6964830827215 13.199439474638 0.00263946491559585 0.0448207474622202
1.80533898392665 2.18548557512754 13.1389617723426 0.00268385367819496 0.0449692264345682
1.19575427800664 7.33821363021304 13.1546137094808 0.00267295562209429 0.0449692264345682
1.42880205069999 9.91331556239037 13.1738415963533 0.00270606209278565 0.0450597156086753
1.66310921813443 3.64966066230164 13.0815569397107 0.00272678055716604 0.045222390377607
1.26564516848722 3.42133065957573 13.0793018243522 0.00272848291829269 0.045222390377607
1.23971321010743 5.32231330215308 13.0707779517439 0.00273492851189771 0.0452848371499658
1.45191871771898 3.43564623915143 13.0538246942939 0.00274780021871514 0.0453816847943807
1.60692644158722 3.72250785813053 13.0432973511618 0.00275582802969272 0.0454222902548252
1.8873732423867 4.92974524848066 13.1669411079767 0.0027633568089596 0.0454491667804881
1.18872666863322 3.42863882080713 13.0079842836465 0.00278295372298649 0.0456664181307508
4.96002513060999 7.04464090231252 14.6258620077126 0.0028109359508717 0.0457059464278586
1.9712776055196 3.31530720167725 12.9856872476641 0.00280093168053848 0.0457059464278586
3.06528338596203 0.928424921888929 12.9411773941754 0.00283511332294411 0.0458903210846659
1.46612860331161 3.12768059325573 12.9416332339786 0.00283475364671713 0.0458903210846659
1.36619075786013 4.22202168257256 12.8945117609588 0.0028722128949046 0.0462171982363706
1.67325042110508 3.42600520716965 12.8911277059973 0.00287492482754099 0.0462207741951061
1.41791553922748 5.11103577080514 12.9056648107144 0.00288273399661451 0.0462423306098664
1.18688380059527 4.94009441093843 12.8504632965798 0.0029077434313226 0.0464423743731923
1.93954264347435 2.98857743735781 12.7873838474281 0.00295950628453209 0.0465468090427906
1.47338398834571 3.54613889110917 12.8182940362361 0.00293401055002489 0.0465468090427906
1.18776848519017 4.30230063745728 12.7939668636605 0.00295405517044136 0.0465468090427906
1.25400539212217 5.97772076572686 12.7902128511474 0.0029706186373512 0.0466404523537856
1.37756742627691 3.41013346363412 12.755008671833 0.00298648324823297 0.0467450506201592
1.85778658405932 3.51967152340143 12.7453707007161 0.00299456859529043 0.0467767754284005
4.51456881665264 1.74811035504117 12.8290814893431 0.00300386450198977 0.0468236636797161
2.20317020087674 3.47698672013072 12.7794242287461 0.00301040483405204 0.0468236636797161
1.45992629684211 3.79132464611594 12.6892924245077 0.00304211403903229 0.0468236636797161
1.2368587644463 3.50279698779085 12.7257417805622 0.00301111316816943 0.0468236636797161
1.65498683115891 2.59978364840543 12.6630771287634 0.00306463705478941 0.0468476628040403
1.75941198473884 2.12449883162686 12.6272080320014 0.00309576480243169 0.0469644431434907
1.46342910865852 4.1384091585689 12.6359640299088 0.00308813288527106 0.0469644431434907
1.26326805676815 4.51625472454608 12.646458661835 0.00307901395735102 0.0469644431434907
1.70094741266385 8.34723449854466 12.7274188258129 0.00312424494760004 0.0471452251587721
1.45773532897028 3.22750409588877 12.5769269479806 0.00314001202849253 0.0471452251587721
1.19212011163424 4.63244916899768 12.5648915049549 0.00315071052142516 0.0472031879247835
1.8904980926011 2.28978715407759 12.5187009115955 0.00319216009167773 0.0476000385153924
1.27078286971123 4.0535169325904 12.5030639447256 0.00320633355161653 0.0476000385153924
4.30392567094474 0.992858595496562 12.4888958907984 0.00321923795083474 0.0476295501121591
1.58055739598831 3.41303605344652 12.46205685472 0.00324384689790791 0.0478149721095745
7.14895943676175 -0.124699870355534 13.2230350176384 0.00329596019035778 0.0480546962628167
2.53942215208991 2.15331410768891 12.3769970667649 0.00332327677084627 0.048256138730088
2.09954398196611 2.72208368931968 12.3675966742023 0.00333219112421505 0.0483015376949039
1.26768277000722 2.89241570116613 12.3560536978609 0.00334317483440921 0.0484139572407659
1.3400278058794 5.77045307639458 12.3717135762084 0.00337605585344665 0.0486274478770116
1.64665299893758 5.28789692791107 12.3974040026901 0.00339657621247375 0.0487266689156686
1.47683569438121 3.63458702017432 12.2894748506988 0.00340734464426544 0.0487832580677977
2.30767744317238 1.26877700016905 12.2672140391954 0.00342911441658176 0.0488605152046675
1.18165910451405 5.27964640817249 12.2634616433489 0.00343279973827385 0.0488605152046675
4.67459243732161 9.97892190592964 13.7546501728038 0.00343648226759129 0.0488741612685879
1.65108262675885 10.2742023539865 12.3649186277107 0.00345083004739391 0.0489068117965673
1.36230993959281 5.9249489097317 12.297016133356 0.00344844650214353 0.0489068117965673
1.3180233297262 2.76546259104803 12.2435211976378 0.00345246016039553 0.0489068117965673
1.54574309340754 5.637324375155 12.3340873321276 0.00345784261550101 0.0489507264519143
11.7500846351202 4.32003017123969 15.3949556477126 0.003473867228648 0.0489983442160935
1.41373954459592 3.37450427160639 12.2222031273607 0.00347362191416839 0.0489983442160935
4.56378934737202 1.15784791905962 12.2111012551521 0.00348470130113886 0.0490396252004758
1.78864027372323 2.92913709883742 12.1836604844908 0.0035122609244937 0.0492000827669265
1.34287773187912 5.36932283968575 12.1972852457038 0.00352192377871663 0.0492082731479711
1.60613570804542 4.19578832775643 12.1822233813227 0.00352877949938664 0.0492399049598864
1.5824710126311 5.72300691906606 12.2755920809261 0.00352835927121171 0.0492399049598864
2.09797519994543 3.04257266779422 12.1436594319458 0.00355288452198234 0.0493834830479295
1.800514619897 5.35289516891809 12.243078769249 0.00357164422355072 0.0494838847948916
2.35008680684427 2.12757103600853 12.1108469245387 0.00358661059733345 0.0494993806184109
1.88710699135424 3.59227107107957 12.1376271144839 0.00358269705397997 0.0494993806184109
2.17981128251725 3.46918341218836 12.1403128695443 0.00360618365584913 0.049737505380705
1.7234320748523 4.25548924959048 12.1132964838114 0.00363420829046894 0.0498674761392754
